1 4002 142
4002 1 142
1 2337 1811
2337 1 1811
2 1177 1999
1177 2 1999
2 1788 103
1788 2 103
2 2189 39
2189 2 39
3 4006 201
4006 3 201
3 115 1755
115 3 1755
4 254 95
254 4 95
4 2199 86
2199 4 86
4 90 1863
90 4 1863
4 150 3136
150 4 3136
4 1343 45
1343 4 45
5 200 553
200 5 553
5 3980 439
3980 5 439
5 564 191
564 5 191
6 911 65
911 6 65
6 371 214
371 6 214
6 2111 475
2111 6 475
7 3996 193
3996 7 193
7 3997 88
3997 7 88
7 3998 165
3998 7 165
7 4000 85
4000 7 85
7 3999 269
3999 7 269
8 1234 237
1234 8 237
8 1018 554
1018 8 554
8 801 438
801 8 438
8 3559 295
3559 8 295
9 199 527
199 9 527
9 618 1521
618 9 1521
9 564 939
564 9 939
9 649 687
649 9 687
10 2373 279
2373 10 279
10 2274 304
2274 10 304
10 790 982
790 10 982
10 2371 321
2371 10 321
10 2871 368
2871 10 368
11 1420 157
1420 11 157
11 913 2061
913 11 2061
11 459 727
459 11 727
11 3923 46
3923 11 46
12 444 214
444 12 214
12 166 152
166 12 152
12 2380 990
2380 12 990
13 21 2325
21 13 2325
13 2105 316
2105 13 316
13 2276 262
2276 13 262
14 18 257
18 14 257
14 2074 718
2074 14 718
14 15 329
15 14 329
15 837 251
837 15 251
15 2106 296
2106 15 296
16 912 1408
912 16 1408
16 2099 313
2099 16 313
16 2105 14
2105 16 14
17 912 2334
912 17 2334
17 363 1179
363 17 1179
18 2075 503
2075 18 503
19 1153 153
1153 19 153
19 1012 259
1012 19 259
19 20 846
20 19 846
19 2104 638
2104 19 638
20 793 322
793 20 322
20 2111 2022
2111 20 2022
21 899 1227
899 21 1227
21 1084 458
1084 21 458
22 2910 1564
2910 22 1564
22 1417 173
1417 22 173
22 23 346
23 22 346
22 995 243
995 22 243
23 1110 2481
1110 23 2481
23 24 721
24 23 721
24 753 2157
753 24 2157
24 1419 147
1419 24 147
24 984 336
984 24 336
25 958 1092
958 25 1092
25 2369 104
2369 25 104
25 459 676
459 25 676
26 2822 1698
2822 26 1698
26 1422 150
1422 26 150
26 27 661
27 26 661
26 2369 261
2369 26 261
27 2367 167
2367 27 167
28 557 1818
557 28 1818
28 29 345
29 28 345
28 2367 213
2367 28 213
29 849 3234
849 29 3234
29 1424 149
1424 29 149
29 173 361
173 29 361
30 302 4358
302 30 4358
30 289 368
289 30 368
30 2366 473
2366 30 473
31 1267 997
1267 31 997
32 1913 1216
1913 32 1216
32 1314 2260
1314 32 2260
33 1337 294
1337 33 294
33 34 950
34 33 950
34 35 356
35 34 356
35 1354 150
1354 35 150
35 36 180
36 35 180
36 1363 516
1363 36 516
37 2059 3219
2059 37 3219
37 3262 2227
3262 37 2227
37 267 58
267 37 58
37 2058 49
2058 37 49
38 2023 100
2023 38 100
38 3262 187
3262 38 187
38 262 75
262 38 75
38 3265 70
3265 38 70
39 107 297
107 39 297
39 264 85
264 39 85
39 3165 1624
3165 39 1624
39 2065 214
2065 39 214
40 3269 238
3269 40 238
40 263 66
263 40 66
40 1888 78
1888 40 78
41 42 655
42 41 655
41 272 145
272 41 145
42 278 138
278 42 138
43 1238 85
1238 43 85
43 102 1929
102 43 1929
43 1197 54
1197 43 54
44 864 1694
864 44 1694
44 270 56
270 44 56
44 2006 110
2006 44 110
44 196 2753
196 44 2753
45 2000 101
2000 45 101
45 2162 133
2162 45 133
45 679 1794
679 45 1794
45 2001 92
2001 45 92
46 2162 1414
2162 46 1414
46 2781 83
2781 46 83
47 81 355
81 47 355
47 2768 1436
2768 47 1436
47 1846 245
1846 47 245
47 212 1200
212 47 1200
47 1844 240
1844 47 240
48 2768 2097
2768 48 2097
48 2477 808
2477 48 808
48 1929 82
1929 48 82
48 1928 98
1928 48 98
48 1222 444
1222 48 444
49 2131 1518
2131 49 1518
49 3098 239
3098 49 239
49 2222 819
2222 49 819
50 2767 1207
2767 50 1207
50 2698 2614
2698 50 2614
50 3098 2330
3098 50 2330
50 4018 161
4018 50 161
51 52 1149
52 51 1149
51 2137 55
2137 51 55
51 1829 55
1829 51 55
52 2760 480
2760 52 480
53 2124 127
2124 53 127
53 54 432
54 53 432
54 1926 1015
1926 54 1015
55 1927 1821
1927 55 1821
55 2648 230
2648 55 230
56 212 795
212 56 795
56 1842 735
1842 56 735
57 1837 294
1837 57 294
57 2632 219
2632 57 219
58 1222 187
1222 58 187
58 1930 168
1930 58 168
59 3898 340
3898 59 340
59 1843 274
1843 59 274
59 1307 146
1307 59 146
59 68 106
68 59 106
60 61 760
61 60 760
60 1307 195
1307 60 195
61 276 178
276 61 178
62 276 134
276 62 134
62 1748 102
1748 62 102
62 1983 220
1983 62 220
63 1748 73
1748 63 73
63 1977 138
1977 63 138
63 64 86
64 63 86
64 1973 197
1973 64 197
64 65 224
65 64 224
65 1299 102
1299 65 102
65 124 186
124 65 186
66 1304 206
1304 66 206
66 124 679
124 66 679
67 1837 241
1837 67 241
67 1304 165
1304 67 165
67 1319 81
1319 67 81
68 1319 74
1319 68 74
69 827 1634
827 69 1634
69 2690 2349
2690 69 2349
69 1740 57
1740 69 57
69 1727 61
1727 69 61
70 1733 345
1733 70 345
70 71 348
71 70 348
70 3514 161
3514 70 161
70 1097 501
1097 70 501
70 1723 317
1723 70 317
70 1743 338
1743 70 338
70 1736 351
1736 70 351
70 3513 173
3513 70 173
71 1738 354
1738 71 354
72 2439 429
2439 72 429
72 1735 344
1735 72 344
73 365 133
365 73 133
73 74 178
74 73 178
74 3786 431
3786 74 431
75 3125 1469
3125 75 1469
75 638 363
638 75 363
75 2440 1048
2440 75 1048
75 197 514
197 75 514
76 1947 96
1947 76 96
76 1269 556
1269 76 556
76 1270 65
1270 76 65
76 2291 4382
2291 76 4382
77 1207 175
1207 77 175
77 78 259
78 77 259
78 2737 23
2737 78 23
79 2737 412
2737 79 412
79 543 210
543 79 210
80 543 131
543 80 131
80 1221 149
1221 80 149
81 1221 185
1221 81 185
81 1223 1684
1223 81 1684
81 2681 1609
2681 81 1609
82 213 3253
213 82 3253
82 1920 132
1920 82 132
82 1835 806
1835 82 806
82 2886 713
2886 82 713
83 3100 921
3100 83 921
83 204 926
204 83 926
84 2133 396
2133 84 396
84 204 432
204 84 432
84 2127 2014
2127 84 2014
85 2321 133
2321 85 133
85 88 2155
88 85 2155
85 2319 1777
2319 85 1777
86 87 4687
87 86 4687
86 3045 1465
3045 86 1465
86 130 494
130 86 494
86 2783 153
2783 86 153
87 151 3116
151 87 3116
87 131 497
131 87 497
87 152 730
152 87 730
88 208 1356
208 88 1356
88 2624 117
2624 88 117
89 3045 131
3045 89 131
89 1904 522
1904 89 522
89 95 392
95 89 392
90 3012 2777
3012 90 2777
91 1862 1210
1862 91 1210
91 1914 1161
1914 91 1161
92 1268 995
1268 92 995
93 306 505
306 93 505
93 1337 315
1337 93 315
94 1388 82
1388 94 82
94 1309 135
1309 94 135
95 1905 300
1905 95 300
96 1905 205
1905 96 205
96 129 293
129 96 293
97 1339 281
1339 97 281
97 129 405
129 97 405
97 2896 239
2896 97 239
98 1902 170
1902 98 170
98 1357 223
1357 98 223
98 99 417
99 98 417
99 1904 303
1904 99 303
99 100 957
100 99 957
100 1301 265
1301 100 265
101 1301 331
1301 101 331
101 3008 254
3008 101 254
102 1249 49
1249 102 49
102 3089 1944
3089 102 1944
103 1195 378
1195 103 378
103 250 304
250 103 304
103 1205 1860
1205 103 1860
104 250 115
250 104 115
104 1207 304
1207 104 304
105 1260 34
1260 105 34
105 2476 2807
2476 105 2807
105 3089 1501
3089 105 1501
106 1274 242
1274 106 242
106 1949 1630
1949 106 1630
107 2055 177
2055 107 177
107 3170 174
3170 107 174
108 2774 780
2774 108 780
108 2241 219
2241 108 219
108 2235 207
2235 108 207
109 1947 741
1947 109 741
109 2676 611
2676 109 611
109 1215 350
1215 109 350
109 2249 734
2249 109 734
110 3945 138
3945 110 138
110 3669 268
3669 110 268
110 3946 50
3946 110 50
111 3663 119
3663 111 119
111 2938 18
2938 111 18
111 3669 15
3669 111 15
112 3188 5357
3188 112 5357
112 3946 294
3946 112 294
112 2374 582
2374 112 582
113 231 3383
231 113 3383
113 3186 5412
3186 113 5412
113 2374 126
2374 113 126
113 2375 156
2375 113 156
114 2962 457
2962 114 457
114 2175 888
2175 114 888
114 118 554
118 114 554
115 3959 86
3959 115 86
115 3963 794
3963 115 794
116 1080 1303
1080 116 1303
116 803 178
803 116 178
116 2950 131
2950 116 131
117 2950 97
2950 117 97
117 2951 40
2951 117 40
118 119 1481
119 118 1481
119 2824 58
2824 119 58
119 2983 766
2983 119 766
119 1415 198
1415 119 198
120 3189 109
3189 120 109
120 1052 1384
1052 120 1384
120 121 1144
121 120 1144
121 1179 306
1179 121 306
122 3189 128
3189 122 128
122 1416 2906
1416 122 2906
123 1906 213
1906 123 213
123 1312 157
1312 123 157
125 2881 757
2881 125 757
125 2302 485
2302 125 485
125 2490 291
2490 125 291
126 2881 3537
2881 126 3537
126 1918 1129
1918 126 1129
126 1916 152
1916 126 152
127 2884 3532
2884 127 3532
127 1895 96
1895 127 96
127 3062 556
3062 127 556
128 2884 797
2884 128 797
128 132 713
132 128 713
128 3113 696
3113 128 696
129 3056 154
3056 129 154
130 131 4808
131 130 4808
130 133 567
133 130 567
131 1895 567
1895 131 567
132 3056 1388
3056 132 1388
132 2312 805
2312 132 805
132 133 138
133 132 138
134 2723 389
2723 134 389
134 147 180
147 134 180
135 2718 429
2718 135 429
135 2716 59
2716 135 59
136 2709 773
2709 136 773
136 137 491
137 136 491
137 138 446
138 137 446
138 139 210
139 138 210
139 2732 217
2732 139 217
140 2731 341
2731 140 341
140 141 85
141 140 85
141 142 769
142 141 769
142 143 125
143 142 125
143 2730 1492
2730 143 1492
144 2728 890
2728 144 890
144 2793 54
2793 144 54
145 2794 284
2794 145 284
145 146 774
146 145 774
146 2724 322
2724 146 322
147 2725 999
2725 147 999
148 149 999
149 148 999
148 209 1358
209 148 1358
148 3100 217
3100 148 217
149 2422 45
2422 149 45
149 2488 2362
2488 149 2362
149 210 1301
210 149 1301
150 1768 48
1768 150 48
150 253 128
253 150 128
150 2198 73
2198 150 73
151 2300 3036
2300 151 3036
151 1185 746
1185 151 746
151 1604 58
1604 151 58
152 542 2394
542 152 2394
152 1185 3180
1185 152 3180
152 153 694
153 152 694
153 1187 3153
1187 153 3153
153 2212 814
2212 153 814
154 3304 2085
3304 154 2085
154 2660 161
2660 154 161
154 1184 695
1184 154 695
155 557 897
557 155 897
155 156 591
156 155 591
156 157 653
157 156 653
157 158 440
158 157 440
158 550 234
550 158 234
159 550 337
550 159 337
159 160 291
160 159 291
160 161 956
161 160 956
161 162 3456
162 161 3456
162 2277 125
2277 162 125
162 357 314
357 162 314
163 3087 2259
3087 163 2259
164 3088 3029
3088 164 3029
164 166 347
166 164 347
164 2277 229
2277 164 229
165 2823 215
2823 165 215
165 166 6081
166 165 6081
167 1151 2376
1151 167 2376
167 236 1610
236 167 1610
167 2278 208
2278 167 208
167 240 347
240 167 347
168 2088 944
2088 168 944
168 824 608
824 168 608
169 3082 689
3082 169 689
169 1104 342
1104 169 342
169 1112 480
1112 169 480
170 2478 143
2478 170 143
170 905 137
905 170 137
171 935 567
935 171 567
171 172 1278
172 171 1278
172 173 815
173 172 815
173 2359 239
2359 173 239
174 1761 2083
1761 174 2083
174 827 1058
827 174 1058
174 1726 63
1726 174 63
175 1746 398
1746 175 398
175 3510 76
3510 175 76
175 176 522
176 175 522
176 327 614
327 176 614
177 3897 324
3897 177 324
177 3541 67
3541 177 67
177 2485 129
2485 177 129
177 1941 158
1941 177 158
178 2152 131
2152 178 131
178 179 123
179 178 123
179 3510 281
3510 179 281
179 3095 841
3095 179 841
180 2155 930
2155 180 930
180 348 460
348 180 460
180 184 209
184 180 209
181 2155 759
2155 181 759
181 682 909
682 181 909
181 1780 164
1780 181 164
182 2166 1734
2166 182 1734
182 2279 123
2279 182 123
182 2480 51
2480 182 51
182 2185 688
2185 182 688
183 348 467
348 183 467
183 352 231
352 183 231
183 710 238
710 183 238
184 185 101
185 184 101
185 2781 126
2781 185 126
185 2780 63
2780 185 63
186 787 1861
787 186 1861
186 296 196
296 186 196
186 356 82
356 186 82
187 295 553
295 187 553
187 741 868
741 187 868
187 3115 593
3115 187 593
187 292 420
292 187 420
188 741 1165
741 188 1165
188 189 261
189 188 261
189 907 250
907 189 250
190 1027 267
1027 190 267
190 191 1765
191 190 1765
190 996 218
996 190 218
191 193 240
193 191 240
191 194 334
194 191 334
191 3163 3030
3163 191 3030
192 755 2053
755 192 2053
192 194 71
194 192 71
192 296 291
296 192 291
193 872 2048
872 193 2048
193 2059 127
2059 193 127
194 881 1379
881 194 1379
195 203 1286
203 195 1286
195 3130 1439
3130 195 1439
195 1787 54
1787 195 54
195 1827 3493
1827 195 3493
195 3130 1439
3130 195 1439
196 1787 629
1787 196 629
196 3505 586
3505 196 586
197 709 545
709 197 545
197 916 966
916 197 966
197 368 360
368 197 360
198 1954 298
1954 198 298
198 372 1684
372 198 1684
198 3072 400
3072 198 400
198 383 820
383 198 820
199 232 2064
232 199 2064
199 1100 646
1100 199 646
199 883 496
883 199 496
200 944 998
944 200 998
200 3983 429
3983 200 429
200 1100 486
1100 200 486
201 3982 149
3982 201 149
201 3984 44
3984 201 44
201 3983 47
3983 201 47
201 3979 42
3979 201 42
202 3981 142
3981 202 142
202 3300 28
3300 202 28
202 3980 38
3980 202 38
203 270 2095
270 203 2095
204 2488 994
2488 204 994
205 207 2078
207 205 2078
205 2315 747
2315 205 747
205 2621 554
2621 205 554
206 2422 460
2422 206 460
206 207 951
207 206 951
207 1443 1002
1443 207 1002
208 2118 722
2118 208 722
208 2618 145
2618 208 145
209 210 1001
210 209 1001
209 1920 1951
1920 209 1951
210 1919 1875
1919 210 1875
211 2760 91
2760 211 91
211 1923 948
1923 211 948
212 2648 1350
2648 212 1350
213 214 228
214 213 228
213 1838 959
1838 213 959
214 2295 609
2295 214 609
214 215 3120
215 214 3120
215 1311 411
1311 215 411
215 1327 410
1327 215 410
215 2652 88
2652 215 88
216 402 480
402 216 480
216 2073 48
2073 216 48
217 1024 1097
1024 217 1097
217 2053 680
2053 217 680
217 1173 276
1173 217 276
218 768 221
768 218 221
218 1173 468
1173 218 468
218 765 97
765 218 97
219 1077 379
1077 219 379
219 502 1030
502 219 1030
219 765 287
765 219 287
220 779 363
779 220 363
220 451 51
451 220 51
221 3928 323
3928 221 323
221 2576 568
2576 221 568
221 950 1159
950 221 1159
222 2973 95
2973 222 95
222 282 1506
282 222 1506
222 2967 1792
2967 222 1792
223 501 731
501 223 731
223 1108 1422
1108 223 1422
223 736 269
736 223 269
224 900 1523
900 224 1523
224 3374 19
3374 224 19
224 2410 965
2410 224 965
224 3613 33
3613 224 33
225 1795 80
1795 225 80
225 1799 443
1799 225 443
225 1793 227
1793 225 227
225 812 1739
812 225 1739
226 3949 234
3949 226 234
226 3504 164
3504 226 164
227 1152 22
1152 227 22
227 1802 1573
1802 227 1573
228 1799 291
1799 228 291
228 1817 262
1817 228 262
228 1801 58
1801 228 58
228 1802 89
1802 228 89
229 1814 92
1814 229 92
229 1811 328
1811 229 328
229 1813 94
1813 229 94
230 1806 143
1806 230 143
230 1807 126
1807 230 126
230 1805 495
1805 230 495
230 1818 131
1818 230 131
231 1806 884
1806 231 884
232 1051 520
1051 232 520
232 866 1388
866 232 1388
233 944 1016
944 233 1016
233 2487 2473
2487 233 2473
233 1019 315
1019 233 315
233 3977 561
3977 233 561
234 240 879
240 234 879
234 892 3634
892 234 3634
235 1128 1332
1128 235 1332
235 4000 385
4000 235 385
235 237 357
237 235 357
236 1049 1714
1049 236 1714
237 241 1109
241 237 1109
237 693 419
693 237 419
237 801 268
801 237 268
238 242 33
242 238 33
238 2777 523
2777 238 523
239 2274 41
2274 239 41
239 2376 110
2376 239 110
239 1090 3380
1090 239 3380
240 444 352
444 240 352
241 898 1098
898 241 1098
241 242 329
242 241 329
243 2365 224
2365 243 224
243 2827 64
2827 243 64
244 314 2619
314 244 2619
244 2363 70
2363 244 70
244 339 396
339 244 396
245 309 253
309 245 253
245 402 185
402 245 185
245 2109 1128
2109 245 1128
246 248 189
248 246 189
246 2101 1159
2101 246 1159
246 1130 1298
1130 246 1298
247 248 605
248 247 605
247 738 2359
738 247 2359
247 2098 471
2098 247 471
248 249 593
249 248 593
249 2110 448
2110 249 448
250 3094 2699
3094 250 2699
251 1863 155
1863 251 155
251 1340 110
1340 251 110
251 1847 39
1847 251 39
252 282 1029
282 252 1029
252 506 298
506 252 298
253 2199 2986
2199 253 2986
253 2198 136
2198 253 136
253 1767 61
1767 253 61
254 1360 1546
1360 254 1546
254 2199 99
2199 254 99
254 1352 54
1352 254 54
255 1360 239
1360 255 239
255 3013 2798
3013 255 2798
256 1364 2224
1364 256 2224
256 1178 1005
1178 256 1005
257 1181 1837
1181 257 1837
257 4007 2705
4007 257 2705
258 4004 110
4004 258 110
258 1180 3318
1180 258 3318
259 4005 44
4005 259 44
259 2484 118
2484 259 118
260 291 636
291 260 636
260 261 3121
261 260 3121
261 3263 1158
3263 261 1158
262 3261 198
3261 262 198
262 2026 102
2026 262 102
262 3267 84
3267 262 84
262 267 2413
267 262 2413
263 1893 85
1893 263 85
263 3270 242
3270 263 242
264 1828 182
1828 264 182
264 2027 2329
2027 264 2329
265 2027 99
2027 265 99
265 2066 1901
2066 265 1901
266 3270 1320
3270 266 1320
266 2500 1008
2500 266 1008
267 3261 2215
3261 267 2215
267 1182 1729
1182 267 1729
267 2063 48
2063 267 48
267 1182 1729
1182 267 1729
268 2060 75
2060 268 75
268 269 2349
269 268 2349
268 1182 1560
1182 268 1560
268 269 2349
269 268 2349
269 1827 1055
1827 269 1055
269 1827 1055
1827 269 1055
270 1827 111
1827 270 111
271 1882 134
1882 271 134
271 1256 134
1256 271 134
271 1205 569
1205 271 569
271 2601 235
2601 271 235
271 1266 187
1266 271 187
272 1244 65
1244 272 65
272 1887 210
1887 272 210
273 1316 316
1316 273 316
273 752 120
752 273 120
273 2602 169
2602 273 169
274 275 233
275 274 233
274 1315 294
1315 274 294
274 1303 86
1303 274 86
275 2640 561
2640 275 561
276 1323 117
1323 276 117
277 1256 106
1256 277 106
277 1264 110
1264 277 110
278 1259 38
1259 278 38
278 1198 176
1198 278 176
279 1077 1046
1077 279 1046
279 981 635
981 279 635
279 504 512
504 279 512
280 1346 592
1346 280 592
280 3028 35
3028 280 35
280 1368 225
1368 280 225
281 1350 618
1350 281 618
281 3020 38
3020 281 38
281 1384 191
1384 281 191
282 1385 697
1385 282 697
283 2565 1222
2565 283 1222
283 1413 7846
1413 283 7846
284 1413 8534
1413 284 8534
284 3013 2140
3013 284 2140
285 2803 861
2803 285 861
285 725 420
725 285 420
285 310 690
310 285 690
286 684 1597
684 286 1597
286 339 672
339 286 672
286 469 444
469 286 444
287 288 3746
288 287 3746
287 290 343
290 287 343
287 2279 215
2279 287 215
288 303 1674
303 288 1674
288 325 383
325 288 383
289 322 2926
322 289 2926
289 467 80
467 289 80
290 347 4240
347 290 4240
290 2149 19
2149 290 19
291 2066 145
2066 291 145
292 3164 170
3164 292 170
293 3271 110
3271 293 110
293 1032 452
1032 293 452
293 297 2590
297 293 2590
294 354 382
354 294 382
294 295 368
295 294 368
295 1065 214
1065 295 214
296 1032 1391
1032 296 1391
297 310 1475
310 297 1475
297 841 193
841 297 193
298 993 2614
993 298 2614
298 314 1018
314 298 1018
298 783 305
783 298 305
299 2812 20
2812 299 20
299 460 325
460 299 325
300 3191 353
3191 300 353
300 2820 143
2820 300 143
300 876 72
876 300 72
301 876 210
876 301 210
301 323 430
323 301 430
302 303 342
303 302 342
302 347 1136
347 302 1136
303 322 1402
322 303 1402
304 760 2024
760 304 2024
304 305 1215
305 304 1215
305 923 1646
923 305 1646
306 1318 1008
1318 306 1008
307 308 300
308 307 300
307 539 992
539 307 992
308 496 145
496 308 145
309 769 852
769 309 852
309 496 373
496 309 373
310 2804 1477
2804 310 1477
310 2280 178
2280 310 178
311 2804 654
2804 311 654
311 1102 1209
1102 311 1209
312 2815 293
2815 312 293
312 313 741
313 312 741
313 341 476
341 313 476
313 2812 327
2812 313 327
314 315 239
315 314 239
315 340 43
340 315 43
316 340 299
340 316 299
316 3534 284
3534 316 284
316 2809 141
2809 316 141
317 460 912
460 317 912
317 684 1449
684 317 1449
317 823 234
823 317 234
318 835 1089
835 318 1089
318 794 134
794 318 134
318 319 86
319 318 86
319 320 439
320 319 439
320 323 1331
323 320 1331
320 1026 1473
1026 320 1473
320 321 74
321 320 74
321 322 301
322 321 301
323 325 1784
325 323 1784
324 734 314
734 324 314
324 2187 405
2187 324 405
324 325 663
325 324 663
326 468 87
468 326 87
326 467 264
467 326 264
326 1026 1471
1026 326 1471
327 328 234
328 327 234
327 1941 1301
1941 327 1301
328 329 97
329 328 97
329 2160 218
2160 329 218
330 338 151
338 330 151
330 331 2567
331 330 2567
330 2818 767
2818 330 767
331 993 303
993 331 303
331 332 1593
332 331 1593
332 783 978
783 332 978
333 334 178
334 333 178
333 2808 643
2808 333 643
334 335 1218
335 334 1218
335 3170 168
3170 335 168
336 337 634
337 336 634
336 458 160
458 336 160
336 457 190
457 336 190
336 2818 164
2818 336 164
337 338 144
338 337 144
339 343 1648
343 339 1648
340 341 742
341 340 742
340 3526 76
3526 340 76
342 3528 291
3528 342 291
342 343 162
343 342 162
343 3533 83
3533 343 83
344 887 841
887 344 841
344 2821 903
2821 344 903
344 1102 669
1102 344 669
345 3540 133
3540 345 133
345 3542 140
3542 345 140
345 2149 337
2149 345 337
346 3540 4045
3540 346 4045
346 347 367
347 346 367
348 349 880
349 348 880
349 3115 2426
3115 349 2426
350 3115 705
3115 350 705
350 351 3318
351 350 3318
350 3114 434
3114 350 434
351 811 1568
811 351 1568
351 2480 309
2480 351 309
351 725 278
725 351 278
352 858 541
858 352 541
353 858 470
858 353 470
353 355 95
355 353 95
354 355 610
355 354 610
355 1023 250
1023 355 250
356 1023 230
1023 356 230
357 358 1695
358 357 1695
357 2099 47
2099 357 47
358 1059 1697
1059 358 1697
359 1059 330
1059 359 330
359 360 407
360 359 407
360 361 219
361 360 219
361 362 603
362 361 603
362 948 165
948 362 165
362 363 311
363 362 311
363 849 1524
849 363 1524
363 1169 279
1169 363 279
364 366 481
366 364 481
364 651 187
651 364 187
365 366 228
366 365 228
365 2435 56
2435 365 56
365 1735 297
1735 365 297
367 569 385
569 367 385
367 641 128
641 367 128
367 663 443
663 367 443
368 370 647
370 368 647
368 1063 952
1063 368 952
369 2174 279
2174 369 279
369 3513 200
3513 369 200
370 1141 586
1141 370 586
370 462 1108
462 370 1108
371 3516 169
3516 371 169
371 1109 350
1109 371 350
372 374 408
374 372 408
372 902 246
902 372 246
372 373 807
373 372 807
373 376 410
376 373 410
373 384 313
384 373 313
374 1164 191
1164 374 191
374 375 586
375 374 586
375 376 224
376 375 224
376 377 48
377 376 48
377 378 188
378 377 188
378 2473 137
2473 378 137
379 2473 156
2473 379 156
379 2472 141
2472 379 141
380 2472 131
2472 380 131
380 381 243
381 380 243
381 382 263
382 381 263
382 915 851
915 382 851
382 3516 2056
3516 382 2056
383 390 455
390 383 455
383 462 6
462 383 6
384 385 91
385 384 91
384 388 611
388 384 611
385 386 134
386 385 134
386 387 388
387 386 388
388 389 849
389 388 849
388 390 267
390 388 267
390 391 72
391 390 72
391 392 52
392 391 52
392 393 305
393 392 305
393 394 439
394 393 439
394 395 499
395 394 499
395 396 458
396 395 458
396 397 304
397 396 304
398 2479 2547
2479 398 2547
398 976 87
976 398 87
399 406 1122
406 399 1122
399 2092 297
2092 399 297
399 404 244
404 399 244
400 406 264
406 400 264
400 401 308
401 400 308
401 1014 689
1014 401 689
401 407 485
407 401 485
402 2093 1144
2093 402 1144
403 405 1056
405 403 1056
403 701 706
701 403 706
403 2092 175
2092 403 175
404 1055 566
1055 404 566
404 1130 178
1130 404 178
405 407 664
407 405 664
405 2094 373
2094 405 373
406 2094 91
2094 406 91
407 507 889
507 407 889
408 3187 195
3187 408 195
408 2577 1377
2577 408 1377
408 2960 127
2960 408 127
409 718 1147
718 409 1147
409 410 267
410 409 267
410 2960 124
2960 410 124
410 2959 89
2959 410 89
411 717 341
717 411 341
411 501 347
501 411 347
411 2489 1837
2489 411 1837
412 505 549
505 412 549
412 504 972
504 412 972
413 502 437
502 413 437
413 503 72
503 413 72
414 3006 101
3006 414 101
414 4008 2101
4008 414 2101
414 1766 86
1766 414 86
415 416 654
416 415 654
416 1777 79
1777 416 79
417 2116 389
2116 417 389
418 2116 390
2116 418 390
418 420 987
420 418 987
419 420 890
420 419 890
419 3127 424
3127 419 424
419 1787 474
1787 419 474
421 1776 161
1776 421 161
421 422 109
422 421 109
422 427 114
427 422 114
423 427 80
427 423 80
423 424 370
424 423 370
424 636 111
636 424 111
424 623 806
623 424 806
425 429 242
429 425 242
425 426 1466
426 425 1466
425 639 309
639 425 309
426 427 388
427 426 388
428 429 97
429 428 97
430 1176 282
1176 430 282
430 3507 476
3507 430 476
430 3125 584
3125 430 584
430 679 968
679 430 968
431 437 237
437 431 237
431 434 357
434 431 357
432 434 372
434 432 372
432 1936 355
1936 432 355
433 1935 324
1935 433 324
433 434 375
434 433 375
434 435 366
435 434 366
435 436 307
436 435 307
436 2635 24
2635 436 24
437 2629 25
2629 437 25
438 439 236
439 438 236
438 1937 303
1937 438 303
438 1938 282
1938 438 282
439 1756 328
1756 439 328
439 1757 352
1757 439 352
440 441 222
441 440 222
440 1933 307
1933 440 307
440 1934 279
1934 440 279
441 1753 285
1753 441 285
441 1754 374
1754 441 374
442 443 225
443 442 225
442 1931 305
1931 442 305
442 1932 448
1932 442 448
443 1750 296
1750 443 296
443 1749 535
1749 443 535
444 760 2468
760 444 2468
445 1876 224
1876 445 224
445 1880 75
1880 445 75
445 1874 67
1874 445 67
446 1877 220
1877 446 220
446 2603 72
2603 446 72
446 1875 71
1875 446 71
447 1854 322
1854 447 322
447 1856 77
1856 447 77
447 1852 75
1852 447 75
448 1855 223
1855 448 223
448 1858 70
1858 448 70
448 1853 73
1853 448 73
449 3057 401
3057 449 401
449 1909 69
1909 449 69
449 1907 100
1907 449 100
450 3057 364
3057 450 364
450 1910 76
1910 450 76
450 1908 84
1908 450 84
451 3052 198
3052 451 198
451 2054 40
2054 451 40
452 2210 19
2210 452 19
452 2666 293
2666 452 293
452 2907 3260
2907 452 3260
453 2660 2932
2660 453 2932
453 2667 106
2667 453 106
453 454 706
454 453 706
454 1184 3060
1184 454 3060
454 455 756
455 454 756
455 2321 883
2321 455 883
455 2300 3084
2300 455 3084
455 548 922
548 455 922
456 1339 602
1339 456 602
456 3008 249
3008 456 249
457 3162 1343
3162 457 1343
457 3265 227
3265 457 227
458 881 4495
881 458 4495
458 993 3341
993 458 3341
458 2280 204
2280 458 204
459 1104 2485
1104 459 2485
460 2821 1440
2821 460 1440
460 2820 229
2820 460 229
461 1731 54
1731 461 54
461 1742 62
1742 461 62
461 1042 1452
1042 461 1452
461 1425 139
1425 461 139
463 472 2310
472 463 2310
463 1331 306
1331 463 306
463 1303 368
1303 463 368
464 1425 5823
1425 464 5823
464 1997 900
1997 464 900
464 1734 523
1734 464 523
465 488 399
488 465 399
465 2024 101
2024 465 101
465 2501 2543
2501 465 2543
466 1239 71
1239 466 71
466 2505 902
2505 466 902
466 3269 1268
3269 466 1268
468 1944 164
1944 468 164
468 2827 127
2827 468 127
469 482 1152
482 469 1152
469 2365 113
2365 469 113
469 1946 172
1946 469 172
470 1144 409
1144 470 409
470 1775 1074
1775 470 1074
471 1775 69
1775 471 69
471 955 324
955 471 324
471 1022 1216
1022 471 1216
472 955 588
955 472 588
472 1062 1052
1062 472 1052
472 3155 596
3155 472 596
473 474 837
474 473 837
473 479 349
479 473 349
473 483 1026
483 473 1026
474 475 171
475 474 171
475 904 881
904 475 881
476 479 492
479 476 492
476 480 293
480 476 293
476 477 549
477 476 549
477 478 853
478 477 853
477 495 105
495 477 105
478 1022 805
1022 478 805
478 489 216
489 478 216
479 485 1078
485 479 1078
480 481 755
481 480 755
480 487 235
487 480 235
481 3175 208
3175 481 208
481 485 480
485 481 480
482 3175 986
3175 482 986
482 486 484
486 482 484
483 484 1207
484 483 1207
483 485 358
485 483 358
483 538 1136
538 483 1136
484 1943 816
1943 484 816
484 486 349
486 484 349
485 486 1175
486 485 1175
486 1944 849
1944 486 849
487 814 262
814 487 262
487 494 855
494 487 855
488 818 610
818 488 610
488 493 1309
493 488 1309
489 1174 162
1174 489 162
489 494 861
494 489 861
490 1174 87
1174 490 87
490 491 160
491 490 160
491 492 921
492 491 921
492 2736 246
2736 492 246
493 2736 632
2736 493 632
494 495 113
495 494 113
496 936 889
936 496 889
497 936 646
936 497 646
497 498 245
498 497 245
498 3320 589
3320 498 589
498 1322 633
1322 498 633
499 756 1874
756 499 1874
499 742 497
742 499 497
499 680 328
680 499 328
500 792 1098
792 500 1098
500 2489 809
2489 500 809
500 680 332
680 500 332
501 975 945
975 501 945
502 975 241
975 502 241
503 505 922
505 503 922
504 1280 1037
1280 504 1037
505 807 246
807 505 246
506 1372 1908
1372 506 1908
507 2073 1683
2073 507 1683
507 2052 42
2052 507 42
507 1095 164
1095 507 164
508 2740 465
2740 508 465
508 545 1353
545 508 1353
508 509 3762
509 508 3762
508 1930 200
1930 508 200
509 2676 1107
2676 509 1107
509 2222 37
2222 509 37
510 515 1759
515 510 1759
510 516 1235
516 510 1235
510 660 349
660 510 349
511 515 756
515 511 756
511 512 370
512 511 370
512 513 324
513 512 324
513 514 344
514 513 344
514 2435 176
2435 514 176
515 517 1235
517 515 1235
516 517 1685
517 516 1685
516 665 730
665 516 730
517 2625 762
2625 517 762
518 520 161
520 518 161
518 519 569
519 518 569
520 2625 594
2625 520 594
520 647 220
647 520 220
521 3255 1088
3255 521 1088
521 3278 241
3278 521 241
522 647 169
647 522 169
522 574 89
574 522 89
523 622 149
622 523 149
523 524 345
524 523 345
523 632 133
632 523 133
524 525 735
525 524 735
524 661 176
661 524 176
525 526 332
526 525 332
526 527 55
527 526 55
527 528 437
528 527 437
528 3277 58
3277 528 58
529 1950 330
1950 529 330
529 650 258
650 529 258
530 650 1483
650 530 1483
530 534 87
534 530 87
530 3121 397
3121 530 397
531 1229 187
1229 531 187
531 1789 218
1789 531 218
531 1790 135
1790 531 135
531 3352 1445
3352 531 1445
532 786 151
786 532 151
532 1069 1050
1069 532 1050
533 829 483
829 533 483
533 534 801
534 533 801
533 786 417
786 533 417
534 3487 361
3487 534 361
535 536 674
536 535 674
535 2269 90
2269 535 90
535 2272 153
2272 535 153
536 2271 48
2271 536 48
536 2268 132
2268 536 132
537 2336 489
2336 537 489
537 4003 2120
4003 537 2120
538 1942 2069
1942 538 2069
539 728 728
728 539 728
539 1001 1685
1001 539 1685
540 2783 684
2783 540 684
540 542 2319
542 540 2319
541 542 1388
542 541 1388
543 544 1693
544 543 1693
544 1220 157
1220 544 157
545 1220 140
1220 545 140
546 2420 67
2420 546 67
546 548 710
548 546 710
547 2421 2837
2421 547 2837
547 2298 79
2298 547 79
547 549 795
549 547 795
548 549 3068
549 548 3068
549 2300 911
2300 549 911
550 948 208
948 550 208
551 552 150
552 551 150
552 553 176
553 552 176
553 554 259
554 553 259
553 561 88
561 553 88
554 555 278
555 554 278
555 556 634
556 555 634
556 557 222
557 556 222
556 559 397
559 556 397
558 906 166
906 558 166
558 559 427
559 558 427
560 561 644
561 560 644
562 3017 52
3017 562 52
562 1375 669
1375 562 669
562 1383 157
1383 562 157
563 3017 28
3017 563 28
564 575 893
575 564 893
565 668 257
668 565 257
565 602 173
602 565 173
566 658 905
658 566 905
566 623 109
623 566 109
567 618 183
618 567 183
567 1953 83
1953 567 83
568 618 250
618 568 250
568 3255 536
3255 568 536
568 672 308
672 568 308
569 651 443
651 569 443
570 664 140
664 570 140
570 605 426
605 570 426
571 667 571
667 571 571
571 575 374
575 571 374
571 579 152
579 571 152
572 601 482
601 572 482
572 3288 214
3288 572 214
573 643 61
643 573 61
573 582 669
582 573 669
574 3276 139
3276 574 139
575 606 386
606 575 386
576 609 369
609 576 369
576 3800 193
3800 576 193
576 2378 208
2378 576 208
577 649 917
649 577 917
577 631 393
631 577 393
578 627 934
627 578 934
578 612 402
612 578 402
580 615 215
615 580 215
581 3253 67
3253 581 67
581 3221 50
3221 581 50
582 654 85
654 582 85
582 630 102
630 582 102
583 659 197
659 583 197
583 637 334
637 583 334
584 627 378
627 584 378
584 3128 193
3128 584 193
585 609 410
609 585 410
586 633 373
633 586 373
586 648 567
648 586 567
586 627 139
627 586 139
587 596 842
596 587 842
587 614 471
614 587 471
588 3254 75
3254 588 75
588 620 500
620 588 500
589 656 1496
656 589 1496
589 3253 54
3253 589 54
589 3222 271
3222 589 271
590 636 98
636 590 98
590 621 680
621 590 680
591 3244 404
3244 591 404
591 666 44
666 591 44
591 3289 134
3289 591 134
592 667 99
667 592 99
592 643 931
643 592 931
593 669 433
669 593 433
593 657 287
657 593 287
593 600 64
600 593 64
594 671 220
671 594 220
594 603 492
603 594 492
594 617 207
617 594 207
595 604 1421
604 595 1421
595 662 240
662 595 240
595 2466 63
2466 595 63
596 611 603
611 596 603
596 3506 285
3506 596 285
597 642 446
642 597 446
597 3128 367
3128 597 367
598 644 193
644 598 193
599 607 144
607 599 144
599 622 209
622 599 209
599 645 527
645 599 527
600 623 459
623 600 459
601 3289 214
3289 601 214
601 652 567
652 601 567
602 657 164
657 602 164
604 2467 228
2467 604 228
605 613 90
613 605 90
605 611 1249
611 605 1249
606 608 192
608 606 192
606 3288 386
3288 606 386
607 3276 92
3276 607 92
607 3257 1836
3257 607 1836
608 656 326
656 608 326
608 2171 119
2171 608 119
609 671 95
671 609 95
610 661 125
661 610 125
610 640 1332
640 610 1332
611 3125 373
3125 611 373
612 619 844
619 612 844
613 641 1460
641 613 1460
614 664 113
664 614 113
614 674 302
674 614 302
615 646 908
646 615 908
615 628 482
628 615 482
616 645 74
645 616 74
616 655 134
655 616 134
617 625 16
625 617 16
619 652 205
652 619 205
619 634 965
634 619 965
620 629 295
629 620 295
620 652 42
652 620 42
621 791 183
791 621 183
621 3127 604
3127 621 604
622 655 521
655 622 521
624 638 1002
638 624 1002
625 660 1002
660 625 1002
626 634 337
634 626 337
626 662 454
662 626 454
628 663 235
663 628 235
629 3244 165
3244 629 165
629 2170 177
2170 629 177
629 3234 86
3234 629 86
631 672 844
672 631 844
633 2467 242
2467 633 242
635 2170 411
2170 635 411
635 642 801
642 635 801
635 2446 46
2446 635 46
635 3254 246
3254 635 246
638 660 237
660 638 237
639 658 181
658 639 181
640 3274 169
3274 640 169
642 653 280
653 642 280
644 669 507
669 644 507
646 664 904
664 646 904
646 668 282
668 646 282
647 659 1021
659 647 1021
648 3501 85
3501 648 85
649 3080 432
3080 649 432
650 1951 239
1951 650 239
654 3220 41
3220 654 41
656 667 48
667 656 48
658 669 185
669 658 185
661 3280 60
3280 661 60
662 673 584
673 662 584
665 1954 218
1954 665 218
665 1955 200
1955 665 200
665 3080 428
3080 665 428
666 3237 60
3237 666 60
670 3492 89
3492 670 89
670 3501 161
3501 670 161
675 2529 26
2529 675 26
675 2533 35
2533 675 35
676 2331 560
2331 676 560
676 2569 42
2569 676 42
676 716 774
716 676 774
677 835 623
835 677 623
677 828 252
828 677 252
678 3974 146
3974 678 146
678 3355 86
3355 678 86
678 3972 44
3972 678 44
678 3973 210
3973 678 210
679 1145 1316
1145 679 1316
680 924 1845
924 680 1845
681 2531 28
2531 681 28
681 2515 42
2515 681 42
682 3114 1416
3114 682 1416
682 961 316
961 682 316
683 1149 428
1149 683 428
683 2409 41
2409 683 41
684 835 539
835 684 539
685 966 295
966 685 295
685 864 1392
864 685 1392
685 1145 364
1145 685 364
686 3926 52
3926 686 52
686 722 99
722 686 99
687 1005 177
1005 687 177
687 726 139
726 687 139
688 875 544
875 688 544
689 1033 503
1033 689 503
689 978 87
978 689 87
690 762 221
762 690 221
690 1080 218
1080 690 218
690 839 1577
839 690 1577
691 2539 56
2539 691 56
691 2507 54
2507 691 54
692 1036 122
1036 692 122
692 3063 135
3063 692 135
693 1037 655
1037 693 655
694 2549 79
2549 694 79
694 2510 93
2510 694 93
695 2403 73
2403 695 73
695 2406 83
2406 695 83
696 1730 60
1730 696 60
696 1087 2101
1087 696 2101
696 1042 818
1042 696 818
697 849 360
849 697 360
697 2486 930
2486 697 930
697 935 539
935 697 539
698 813 231
813 698 231
698 1086 98
1086 698 98
698 852 936
852 698 936
699 1051 674
1051 699 674
699 1167 113
1167 699 113
700 1053 416
1053 700 416
700 737 799
737 700 799
701 1420 1987
1420 701 1987
701 1055 726
1055 701 726
702 1071 170
1071 702 170
702 2929 288
2929 702 288
702 857 2112
857 702 2112
703 2947 705
2947 703 705
703 3904 784
3904 703 784
703 853 2107
853 703 2107
704 2051 161
2051 704 161
704 854 114
854 704 114
705 913 1986
913 705 1986
705 1029 2581
1029 705 2581
705 3921 34
3921 705 34
706 863 92
863 706 92
706 856 124
856 706 124
707 889 337
889 707 337
707 1794 67
1794 707 67
707 1793 60
1793 707 60
707 859 1774
859 707 1774
708 1061 494
1061 708 494
708 747 147
747 708 147
709 1176 629
1176 709 629
709 957 1285
957 709 1285
710 2002 1598
2002 710 1598
710 820 372
820 710 372
711 962 238
962 711 238
711 1225 101
1225 711 101
712 1175 296
1175 712 296
712 860 84
860 712 84
712 867 1022
867 712 1022
713 968 1095
968 713 1095
713 869 150
869 713 150
714 2324 583
2324 714 583
714 1156 507
1156 714 507
714 2568 257
2568 714 257
715 2543 16
2543 715 16
715 2531 24
2531 715 24
716 2408 146
2408 716 146
716 943 303
943 716 303
717 834 244
834 717 244
717 1070 1890
1070 717 1890
718 1034 359
1034 718 359
718 754 239
754 718 239
719 1075 799
1075 719 799
719 761 150
761 719 150
720 972 1020
972 720 1020
720 2734 1425
2734 720 1425
720 1021 266
1021 720 266
721 1072 1718
1072 721 1718
721 998 168
998 721 168
722 2113 168
2113 722 168
722 3085 127
3085 722 127
723 968 49
968 723 49
723 1001 162
1001 723 162
724 2929 113
2929 724 113
724 770 343
770 724 343
724 1015 2369
1015 724 2369
724 1424 1512
1424 724 1512
725 1076 1512
1076 725 1512
726 882 1101
882 726 1101
726 1075 183
1075 726 183
727 766 498
766 727 498
727 884 89
884 727 89
728 1005 1527
1005 728 1527
728 1010 650
1010 728 650
729 2507 25
2507 729 25
729 2558 34
2558 729 34
730 770 238
770 730 238
730 888 185
888 730 185
730 2937 74
2937 730 74
731 2518 106
2518 731 106
731 2544 82
2544 731 82
732 892 483
892 732 483
732 2381 884
2381 732 884
732 798 163
798 732 163
733 2534 1350
2534 733 1350
733 877 1090
877 733 1090
734 982 318
982 734 318
734 896 320
896 734 320
735 2559 27
2559 735 27
735 2560 41
2560 735 41
736 1052 47
1052 736 47
736 848 1584
848 736 1584
737 774 358
774 737 358
737 3517 198
3517 737 198
738 901 1170
901 738 1170
738 1123 256
1123 738 256
739 1131 932
1131 739 932
739 1015 172
1015 739 172
739 2930 193
2930 739 193
740 2479 619
2479 740 619
740 911 75
911 740 75
740 3517 165
3517 740 165
742 1092 556
1092 742 556
742 1074 253
1074 742 253
743 909 651
909 743 651
743 3121 204
3121 743 204
743 3738 95
3738 743 95
744 1093 107
1093 744 107
744 1140 1989
1140 744 1989
745 2179 2718
2179 745 2718
745 784 66
784 745 66
746 1096 111
1096 746 111
746 2113 1200
2113 746 1200
747 914 243
914 747 243
748 1105 129
1105 748 129
748 787 396
787 748 396
749 2533 49
2533 749 49
749 2521 46
2521 749 46
749 889 213
889 749 213
750 785 279
785 750 279
750 3509 512
3509 750 512
750 3543 201
3543 750 201
751 999 83
999 751 83
751 920 788
920 751 788
752 1300 286
1300 752 286
753 3186 2181
3186 753 2181
753 922 169
922 753 169
754 3071 2034
3071 754 2034
754 3187 1210
3187 754 1210
755 2004 1218
2004 755 1218
755 1114 231
1114 755 231
755 1105 93
1105 755 93
756 1419 683
1419 756 683
756 924 350
924 756 350
757 2515 25
2515 757 25
757 2557 46
2557 757 46
757 1156 293
1156 757 293
758 1115 436
1115 758 436
758 926 839
926 758 839
759 2410 233
2410 759 233
759 3354 250
3354 759 250
760 1151 702
1151 760 702
761 869 177
869 761 177
762 2176 235
2176 762 235
762 1117 1600
1117 762 1600
762 879 1521
879 762 1521
763 1119 260
1119 763 260
763 907 410
907 763 410
764 2519 52
2519 764 52
764 2561 72
2561 764 72
765 796 1207
796 765 1207
766 1751 327
1751 766 327
767 2555 89
2555 767 89
767 2512 67
2512 767 67
768 1126 252
1126 768 252
768 890 286
890 768 286
769 936 387
936 769 387
770 804 3217
804 770 3217
770 1423 1471
1423 770 1471
771 2544 68
2544 771 68
771 932 48
932 771 48
772 2545 16
2545 772 16
772 2559 24
2559 772 24
773 1019 1047
1019 773 1047
773 944 323
944 773 323
774 3512 215
3512 774 215
774 1136 806
1136 774 806
775 1021 157
1021 775 157
776 1134 1759
1134 776 1759
776 1235 58
1235 776 58
777 1052 195
1052 777 195
777 3928 98
3928 777 98
777 947 1580
947 777 1580
778 1017 335
1017 778 335
778 1053 114
1053 778 114
779 1098 413
1098 779 413
779 1322 338
1322 779 338
780 1149 274
1149 780 274
780 1790 75
1790 780 75
780 1791 58
1791 780 58
781 987 267
987 781 267
782 1057 607
1057 782 607
782 3738 207
3738 782 207
782 3300 202
3300 782 202
783 2808 1244
2808 783 1244
784 953 118
953 784 118
787 2003 1311
2003 787 1311
788 1725 330
1725 788 330
788 960 172
960 788 172
789 863 1437
863 789 1437
789 988 282
988 789 282
789 3508 229
3508 789 229
790 999 2257
999 790 2257
790 833 441
833 790 441
791 1111 611
1111 791 611
791 3506 121
3506 791 121
792 969 747
969 792 747
792 970 354
970 792 354
794 3192 87
3192 794 87
795 1155 65
1155 795 65
795 2546 59
2546 795 59
796 975 282
975 796 282
797 2536 32
2536 797 32
797 2511 70
2511 797 70
798 1158 752
1158 798 752
798 914 2955
914 798 2955
799 1033 93
1033 799 93
799 2401 309
2401 799 309
799 2402 345
2402 799 345
800 3144 193
3144 800 193
800 2833 849
2833 800 849
801 1082 2238
1082 801 2238
802 890 274
890 802 274
802 1038 532
1038 802 532
802 1077 79
1077 802 79
803 850 182
850 803 182
804 1005 284
1005 804 284
804 2931 258
2931 804 258
805 2947 425
2947 805 425
805 2353 1585
2353 805 1585
805 812 368
812 805 368
806 1044 98
1044 806 98
807 1279 312
1279 807 312
807 851 1165
851 807 1165
808 1942 125
1942 808 125
808 2366 199
2366 808 199
808 1752 341
1752 808 341
809 1084 2909
1084 809 2909
809 1728 330
1728 809 330
809 1091 224
1091 809 224
810 900 525
900 810 525
811 1085 163
1085 811 163
811 2183 914
2183 811 914
812 859 242
859 812 242
813 2777 2018
2777 813 2018
813 1090 392
1090 813 392
814 818 631
818 814 631
814 1135 1070
1135 814 1070
815 1060 180
1060 815 180
815 984 2079
984 815 2079
816 1071 2092
1071 816 2092
816 873 195
873 816 195
816 857 173
857 816 173
817 1227 40
1227 817 40
817 2350 45
2350 817 45
818 987 1010
987 818 1010
819 2448 603
2448 819 603
819 1097 295
1097 819 295
819 863 1532
863 819 1532
