1 4931 113
4931 1 113
1 2718 86
2718 1 86
2 4932 99
4932 2 99
2 4933 84
4933 2 84
3 4899 103
4899 3 103
3 4898 80
4898 3 80
4 5774 104
5774 4 104
4 5773 85
5773 4 85
5 5772 88
5772 5 88
5 61 2229
61 5 2229
6 4967 105
4967 6 105
6 4968 88
4968 6 88
7 4969 77
4969 7 77
7 4970 98
4970 7 98
8 2426 103
2426 8 103
8 4971 81
4971 8 81
9 2723 99
2723 9 99
9 2427 109
2427 9 109
10 426 58
426 10 58
10 1738 2739
1738 10 2739
11 59 400
59 11 400
11 415 159
415 11 159
12 555 365
555 12 365
12 1959 122
1959 12 122
13 2713 157
2713 13 157
13 2717 147
2717 13 147
14 2714 123
2714 14 123
14 1957 471
1957 14 471
14 4922 1749
4922 14 1749
15 4922 70
4922 15 70
16 3900 105
3900 16 105
16 2311 31
2311 16 31
16 3899 50
3899 16 50
17 2315 831
2315 17 831
17 18 774
18 17 774
17 5506 60
5506 17 60
18 5499 700
5499 18 700
18 5507 50
5507 18 50
19 5499 69
5499 19 69
19 5495 64
5495 19 64
19 5498 55
5498 19 55
19 5497 85
5497 19 85
20 2944 1126
2944 20 1126
20 5497 686
5497 20 686
20 21 441
21 20 441
21 2938 85
2938 21 85
21 22 327
22 21 327
22 6573 78
6573 22 78
22 1433 598
1433 22 598
23 6571 111
6571 23 111
23 2262 130
2262 23 130
23 1434 84
1434 23 84
24 6394 143
6394 24 143
24 6395 43
6395 24 43
25 2421 106
2421 25 106
25 6394 523
6394 25 523
25 2057 423
2057 25 423
26 3386 302
3386 26 302
26 2403 106
2403 26 106
26 6399 107
6399 26 107
27 3116 195
3116 27 195
27 2983 51
2983 27 51
27 5668 100
5668 27 100
28 5653 23
5653 28 23
28 5651 15
5651 28 15
28 5652 89
5652 28 89
28 5650 86
5650 28 86
29 5885 31
5885 29 31
29 419 1032
419 29 1032
29 2359 539
2359 29 539
29 3355 192
3355 29 192
30 5572 80
5572 30 80
30 138 1240
138 30 1240
30 5592 625
5592 30 625
31 1973 421
1973 31 421
31 4696 1267
4696 31 1267
31 87 702
87 31 702
32 5728 17
5728 32 17
32 5726 22
5726 32 22
32 5729 99
5729 32 99
32 5727 83
5727 32 83
33 6666 26
6666 33 26
33 159 1044
159 33 1044
33 3426 145
3426 33 145
34 4217 18
4217 34 18
34 4223 958
4223 34 958
34 5622 342
5622 34 342
35 4192 22
4192 35 22
35 112 1034
112 35 1034
35 1360 398
1360 35 398
36 3796 16
3796 36 16
36 113 1047
113 36 1047
36 3811 923
3811 36 923
37 4495 25
4495 37 25
37 4498 15
4498 37 15
37 114 1043
114 37 1043
37 1741 906
1741 37 906
38 5717 81
5717 38 81
38 5308 426
5308 38 426
38 5312 76
5312 38 76
39 5701 84
5701 39 84
39 5702 58
5702 39 58
39 5700 54
5700 39 54
40 1594 132
1594 40 132
40 2388 138
2388 40 138
41 3883 21
3883 41 21
41 3886 105
3886 41 105
41 3881 78
3881 41 78
42 4401 23
4401 42 23
42 4410 16
4410 42 16
42 4407 77
4407 42 77
42 4413 105
4413 42 105
43 5062 29
5062 43 29
43 5056 23
5056 43 23
43 4976 96
4976 43 96
43 5058 91
5058 43 91
44 2257 173
2257 44 173
44 5088 23
5088 44 23
44 164 1030
164 44 1030
44 5076 22
5076 44 22
45 213 1036
213 45 1036
45 271 1036
271 45 1036
45 4241 17
4241 45 17
45 4254 21
4254 45 21
46 53 261
53 46 261
46 272 1043
272 46 1043
46 4309 22
4309 46 22
47 4011 28
4011 47 28
47 183 985
183 47 985
47 184 995
184 47 995
48 4677 23
4677 48 23
48 3402 22
3402 48 22
48 1060 1017
1060 48 1017
48 3401 62
3401 48 62
49 401 341
401 49 341
49 360 347
360 49 347
50 7066 1941
7066 50 1941
50 1388 729
1388 50 729
50 4799 61
4799 50 61
51 1388 99
1388 51 99
51 1389 73
1389 51 73
51 4822 66
4822 51 66
52 2219 64
2219 52 64
52 2218 65
2218 52 65
52 6846 72
6846 52 72
53 4314 99
4314 53 99
53 214 773
214 53 773
54 5863 76
5863 54 76
54 57 70
57 54 70
54 151 239
151 54 239
55 2391 126
2391 55 126
55 5960 102
5960 55 102
56 4097 50
4097 56 50
56 307 876
307 56 876
56 7000 822
7000 56 822
57 5851 94
5851 57 94
57 294 153
294 57 153
58 2333 528
2333 58 528
59 434 343
434 59 343
60 5778 74
5778 60 74
60 5779 94
5779 60 94
61 5582 2074
5582 61 2074
62 4004 78
4004 62 78
62 4003 96
4003 62 96
63 4051 155
4051 63 155
63 4049 153
4049 63 153
63 4050 27
4050 63 27
63 4052 20
4052 63 20
64 65 1173
65 64 1173
64 4051 1016
4051 64 1016
64 4868 22
4868 64 22
65 1442 499
1442 65 499
65 4829 37
4829 65 37
65 4823 38
4823 65 38
66 4711 82
4711 66 82
66 4709 100
4709 66 100
66 4710 37
4710 66 37
66 4712 37
4712 66 37
67 4727 68
4727 67 68
67 4726 92
4726 67 92
67 1590 225
1590 67 225
67 1588 241
1588 67 241
68 7201 80
7201 68 80
68 7202 113
7202 68 113
68 3602 169
3602 68 169
68 1587 183
1587 68 183
69 4510 63
4510 69 63
69 4509 96
4509 69 96
69 3603 225
3603 69 225
69 1592 226
1592 69 226
70 4542 127
4542 70 127
70 72 58
72 70 58
70 1591 171
1591 70 171
71 1953 59
1953 71 59
71 344 1293
344 71 1293
72 4550 111
4550 72 111
72 2020 182
2020 72 182
73 3780 95
3780 73 95
73 5581 156
5581 73 156
73 382 227
382 73 227
74 5819 61
5819 74 61
74 102 273
102 74 273
74 101 315
101 74 315
75 5547 1102
5547 75 1102
76 4928 104
4928 76 104
76 4930 81
4930 76 81
77 4927 180
4927 77 180
77 236 150
236 77 150
77 266 256
266 77 256
78 5777 98
5777 78 98
78 5776 83
5776 78 83
79 5776 2146
5776 79 2146
79 5774 2127
5774 79 2127
80 4002 99
4002 80 99
80 4001 82
4001 80 82
81 4048 165
4048 81 165
81 4090 22
4090 81 22
81 4089 22
4089 81 22
82 6289 77
6289 82 77
82 5806 424
5806 82 424
82 245 993
245 82 993
83 4888 68
4888 83 68
83 4708 62
4708 83 62
83 4705 98
4705 83 98
83 4707 85
4707 83 85
84 4714 39
4714 84 39
84 4716 31
4716 84 31
84 4713 112
4713 84 112
84 4715 80
4715 84 80
85 4716 455
4716 85 455
85 86 492
86 85 492
85 4735 78
4735 85 78
85 4848 109
4848 85 109
86 7212 112
7212 86 112
86 7211 90
7211 86 90
86 5605 398
5605 86 398
87 4739 50
4739 87 50
87 1961 1906
1961 87 1906
88 5542 68
5542 88 68
88 1032 974
1032 88 974
88 328 740
328 88 740
89 7232 40
7232 89 40
89 7241 39
7241 89 39
89 237 1171
237 89 1171
89 3340 1163
3340 89 1163
90 2384 22
2384 90 22
90 5473 1478
5473 90 1478
91 5705 68
5705 91 68
91 3965 1883
3965 91 1883
91 5711 663
5711 91 663
92 3368 225
3368 92 225
93 3571 200
3571 93 200
93 4903 51
4903 93 51
93 3573 22
3573 93 22
94 2061 270
2061 94 270
94 2058 351
2058 94 351
94 6375 91
6375 94 91
95 6383 125
6383 95 125
95 6387 80
6387 95 80
95 6391 67
6391 95 67
95 6392 63
6392 95 63
96 5251 72
5251 96 72
96 5248 130
5248 96 130
96 5256 79
5256 96 79
97 5971 106
5971 97 106
98 343 1042
343 98 1042
98 403 1040
403 98 1040
99 2899 109
2899 99 109
99 3893 68
3893 99 68
99 2896 25
2896 99 25
100 4268 582
4268 100 582
100 5495 587
5495 100 587
100 7183 88
7183 100 88
100 6461 70
6461 100 70
101 2932 117
2932 101 117
101 3348 770
3348 101 770
102 2929 28
2929 102 28
103 289 866
289 103 866
103 597 1833
597 103 1833
104 3950 86
3950 104 86
104 6996 497
6996 104 497
104 6997 72
6997 104 72
105 203 668
203 105 668
105 202 1046
202 105 1046
105 4149 17
4149 105 17
105 4160 32
4160 105 32
106 1148 122
1148 106 122
106 6968 555
6968 106 555
106 288 1064
288 106 1064
106 4152 92
4152 106 92
107 287 1036
287 107 1036
107 320 1039
320 107 1039
107 6767 24
6767 107 24
107 6718 16
6718 107 16
108 6721 25
6721 108 25
108 6735 519
6735 108 519
108 171 1033
171 108 1033
109 5730 101
5730 109 101
109 5731 21
5731 109 21
109 5732 116
5732 109 116
109 5733 26
5733 109 26
110 6669 98
6669 110 98
110 6668 28
6668 110 28
110 140 522
140 110 522
110 6676 24
6676 110 24
111 4224 21
4224 111 21
111 4222 18
4222 111 18
111 4226 88
4226 111 88
111 4223 79
4223 111 79
112 4193 22
4193 112 22
112 2672 656
2672 112 656
113 3871 23
3871 113 23
113 273 1048
273 113 1048
114 4404 23
4404 114 23
114 4427 16
4427 114 16
114 127 1038
127 114 1038
115 7196 45
7196 115 45
115 7195 29
7195 115 29
115 6607 122
6607 115 122
115 6606 112
6606 115 112
116 6608 127
6608 116 127
116 6610 119
6610 116 119
116 6609 49
6609 116 49
116 6611 33
6611 116 33
117 6552 120
6552 117 120
117 6551 108
6551 117 108
117 6611 371
6611 117 371
117 118 407
118 117 407
118 6550 110
6550 118 110
118 5369 219
5369 118 219
119 6548 50
6548 119 50
119 5480 1826
5480 119 1826
119 2259 1159
2259 119 1159
120 2953 1181
2953 120 1181
121 2129 944
2129 121 944
121 122 1037
122 121 1037
121 4473 14
4473 121 14
122 123 1039
123 122 1039
122 4479 24
4479 122 24
122 4476 14
4476 122 14
123 7184 943
7184 123 943
123 4485 25
4485 123 25
123 4482 15
4482 123 15
124 7184 100
7184 124 100
124 4443 949
4443 124 949
124 4438 23
4438 124 23
124 4440 12
4440 124 12
125 4443 130
4443 125 130
125 4449 117
4449 125 117
125 4446 21
4446 125 21
125 4452 13
4452 125 13
126 4449 964
4449 126 964
126 4455 26
4455 126 26
126 4459 13
4459 126 13
126 4458 88
4458 126 88
127 4424 23
4424 127 23
127 4430 14
4430 127 14
127 4407 965
4407 127 965
128 4489 20
4489 128 20
128 4491 18
4491 128 18
128 1741 116
1741 128 116
128 1742 126
1742 128 126
129 5768 87
5768 129 87
129 5767 97
5767 129 97
130 4964 83
4964 130 83
130 4963 99
4963 130 99
131 4951 156
4951 131 156
131 4957 165
4957 131 165
131 4948 26
4948 131 26
131 4954 17
4954 131 17
132 4853 29
4853 132 29
132 4842 40
4842 132 40
132 1447 580
1447 132 580
132 2055 392
2055 132 392
133 1586 267
1586 133 267
133 1582 243
1582 133 243
133 4701 57
4701 133 57
133 4679 92
4679 133 92
134 4625 85
4625 134 85
134 4626 104
4626 134 104
134 391 368
391 134 368
134 1580 190
1580 134 190
135 4505 64
4505 135 64
135 4503 99
4503 135 99
135 4506 47
4506 135 47
135 4504 34
4504 135 34
136 2129 152
2129 136 152
136 2132 131
2132 136 131
136 4570 45
4570 136 45
136 4568 13
4568 136 13
137 5901 89
5901 137 89
137 652 54
652 137 54
137 517 128
517 137 128
138 5590 778
5590 138 778
138 5580 78
5580 138 78
139 5592 988
5592 139 988
140 7179 44
7179 140 44
140 6634 116
6634 140 116
141 4207 39
4207 141 39
141 4212 42
4212 141 42
141 5622 155
5622 141 155
142 4189 50
4189 142 50
142 4212 448
4212 142 448
142 143 433
143 142 433
143 3849 29
3849 143 29
143 3852 158
3852 143 158
143 3850 88
3850 143 88
144 3863 22
3863 144 22
144 3852 1443
3852 144 1443
144 145 1034
145 144 1034
145 3939 20
3939 145 20
145 146 1035
146 145 1035
146 3821 18
3821 146 18
146 6973 532
6973 146 532
147 3829 29
3829 147 29
147 6973 513
6973 147 513
147 2253 1069
2253 147 1069
148 6993 53
6993 148 53
148 6994 492
6994 148 492
148 149 679
149 148 679
149 4179 40
4179 149 40
149 6960 1253
6960 149 1253
150 6962 91
6962 150 91
150 5855 112
5855 150 112
150 151 35
151 150 35
151 5860 78
5860 151 78
152 5961 97
5961 152 97
152 2390 133
2390 152 133
153 321 1323
321 153 1323
153 182 599
182 153 599
154 6915 225
6915 154 225
154 443 234
443 154 234
155 1752 126
1752 155 126
155 444 306
444 155 306
155 156 400
156 155 400
156 1750 115
1750 156 115
156 6786 101
6786 156 101
156 1944 303
1944 156 303
157 3811 105
3811 157 105
157 1743 138
1743 157 138
157 3816 24
3816 157 24
157 3812 23
3812 157 23
158 6702 20
6702 158 20
158 6716 18
6716 158 18
158 5727 956
5727 158 956
158 6706 942
6706 158 942
159 6696 31
6696 159 31
159 166 1312
166 159 1312
160 3857 21
3857 160 21
160 6915 23
6915 160 23
160 1758 118
1758 160 118
160 3856 101
3856 160 101
161 5477 26
5477 161 26
161 5479 23
5479 161 23
161 5478 77
5478 161 77
161 5480 105
5480 161 105
162 5009 26
5009 162 26
162 5071 20
5071 162 20
162 5012 82
5012 162 82
162 5476 89
5476 162 89
163 5048 26
5048 163 26
163 4999 21
4999 163 21
163 5051 79
5051 163 79
163 5000 95
5000 163 95
164 4988 26
4988 164 26
164 4991 19
4991 164 19
164 5051 958
5051 164 958
165 2254 815
2254 165 815
165 2257 871
2257 165 871
165 5081 21
5081 165 21
165 5084 28
5084 165 28
166 6681 27
6681 166 27
166 167 792
167 166 792
167 6682 23
6682 167 23
167 168 1054
168 167 1054
168 6733 28
6733 168 28
168 169 1058
169 168 1058
169 6734 25
6734 169 25
169 170 1059
170 169 1059
170 6735 521
6735 170 521
170 6736 24
6736 170 24
171 6720 26
6720 171 26
171 172 1042
172 171 1042
172 6260 28
6260 172 28
172 5981 881
5981 172 881
173 5979 27
5979 173 27
173 5983 21
5983 173 21
173 5981 99
5981 173 99
173 5977 78
5977 173 78
174 5977 1195
5977 174 1195
174 2068 674
2068 174 674
174 5974 32
5974 174 32
175 3985 89
3985 175 89
175 3963 47
3963 175 47
175 3961 74
3961 175 74
176 2369 837
2369 176 837
176 3993 75
3993 176 75
176 3992 57
3992 176 57
176 3988 73
3988 176 73
177 5136 70
5136 177 70
177 5159 697
5159 177 697
177 5144 68
5144 177 68
177 5138 56
5138 177 56
178 5159 76
5159 178 76
178 5166 68
5166 178 68
178 5162 55
5162 178 55
178 5156 70
5156 178 70
179 6474 65
6474 179 65
179 6507 601
6507 179 601
179 5830 592
5830 179 592
180 6544 93
6544 180 93
180 6545 78
6545 180 78
180 2260 292
2260 180 292
180 2322 315
2322 180 315
181 7031 95
7031 181 95
181 5479 236
5479 181 236
181 300 237
300 181 237
182 409 771
409 182 771
183 199 575
199 183 575
183 1049 126
1049 183 126
184 4016 36
4016 184 36
184 2988 227
2988 184 227
185 3728 135
3728 185 135
185 2128 62
2128 185 62
185 4972 487
4972 185 487
186 5792 89
5792 186 89
187 5792 949
5792 187 949
187 2051 466
2051 187 466
188 5796 156
5796 188 156
188 5804 22
5804 188 22
188 5798 21
5798 188 21
188 5801 146
5801 188 146
189 7182 20
7182 189 20
189 3707 145
3707 189 145
189 3709 144
3709 189 144
190 2045 82
2045 190 82
190 3709 833
3709 190 833
191 1460 180
1460 191 180
191 507 202
507 191 202
191 5912 1270
5912 191 1270
192 5654 99
5654 192 99
192 5656 80
5656 192 80
192 5657 23
5657 192 23
192 5655 15
5655 192 15
193 2663 177
2663 193 177
193 2387 123
2387 193 123
194 3349 55
3349 194 55
194 5225 75
5225 194 75
194 5221 69
5221 194 69
194 5214 74
5214 194 74
195 5113 45
5113 195 45
195 6323 80
6323 195 80
195 2286 537
2286 195 537
195 351 840
351 195 840
196 5109 72
5109 196 72
196 352 774
352 196 774
196 5829 1133
5829 196 1133
197 5373 83
5373 197 83
197 1031 603
1031 197 603
197 2903 187
2903 197 187
198 2666 963
2666 198 963
198 200 1036
200 198 1036
198 3946 21
3946 198 21
198 4109 18
4109 198 18
199 3401 913
3401 199 913
199 1073 61
1073 199 61
200 3823 952
3823 200 952
200 3941 22
3941 200 22
200 4125 19
4125 200 19
201 3825 83
3825 201 83
201 3823 83
3823 201 83
201 3832 23
3832 201 23
201 4143 18
4143 201 18
202 3825 952
3825 202 952
202 3835 22
3835 202 22
202 4144 19
4144 202 19
203 204 966
204 203 966
203 4164 66
4164 203 66
204 4171 50
4171 204 50
204 1462 327
1462 204 327
205 4120 25
4120 205 25
205 340 1063
340 205 1063
205 6965 909
6965 205 909
206 6759 91
6759 206 91
206 6757 82
6757 206 82
206 6756 18
6756 206 18
206 6758 22
6758 206 22
207 341 958
341 207 958
207 423 821
423 207 821
208 5166 703
5166 208 703
208 209 780
209 208 780
208 5178 66
5178 208 66
208 5174 60
5174 208 60
209 6480 61
6480 209 61
209 6478 54
6478 209 54
209 6482 74
6482 209 74
210 3428 197
3428 210 197
210 6541 82
6541 210 82
210 6543 126
6543 210 126
210 6542 141
6542 210 141
211 2380 87
2380 211 87
211 2291 188
2291 211 188
211 2370 227
2370 211 227
212 5065 26
5065 212 26
212 4984 23
4984 212 23
212 5034 945
5034 212 945
212 4976 941
4976 212 941
213 4262 21
4262 213 21
213 4246 16
4246 213 16
213 4369 959
4369 213 959
214 4310 22
4310 214 22
214 4312 89
4312 214 89
215 3914 21
3914 215 21
215 3926 930
3926 215 930
215 3886 928
3886 215 928
216 653 374
653 216 374
216 322 740
322 216 740
217 5770 94
5770 217 94
217 5769 78
5769 217 78
218 4965 103
4965 218 103
218 4941 79
4941 218 79
219 2103 168
2103 219 168
219 2108 177
2108 219 177
219 2425 25
2425 219 25
219 2102 72
2102 219 72
219 2087 26
2087 219 26
220 2108 456
2108 220 456
220 221 620
221 220 620
220 2098 36
2098 220 36
221 2685 1390
2685 221 1390
222 2686 132
2686 222 132
222 2687 2156
2687 222 2156
222 1582 224
1582 222 224
222 4695 440
4695 222 440
223 4631 103
4631 223 103
223 4639 82
4639 223 82
223 1580 178
1580 223 178
223 2035 177
2035 223 177
224 4582 98
4582 224 98
224 4588 73
4588 224 73
224 4504 433
4504 224 433
224 2033 246
2033 224 246
225 2131 136
2131 225 136
225 4559 14
4559 225 14
225 4563 29
4563 225 29
226 1974 45
1974 226 45
226 2007 806
2007 226 806
226 5534 587
5534 226 587
227 6437 63
6437 227 63
227 383 776
383 227 776
227 2261 1354
2261 227 1354
227 6442 74
6442 227 74
228 229 672
229 228 672
228 2019 582
2019 228 582
228 6533 62
6533 228 62
229 7207 272
7207 229 272
229 6538 79
6538 229 79
230 6499 530
6499 230 530
230 6507 67
6507 230 67
230 6506 66
6506 230 66
231 6510 45
6510 231 45
231 6499 75
6499 231 75
231 384 857
384 231 857
231 6494 1238
6494 231 1238
232 6341 45
6341 232 45
232 6326 69
6326 232 69
232 5540 686
5540 232 686
232 359 776
359 232 776
233 6342 76
6342 233 76
233 367 935
367 233 935
233 4345 436
4345 233 436
234 291 37
291 234 37
234 292 223
292 234 223
234 5953 86
5953 234 86
235 5957 113
5957 235 113
236 7214 164
7214 236 164
236 7216 108
7216 236 108
237 238 933
238 237 933
238 7238 43
7238 238 43
238 5543 66
5543 238 66
238 239 940
239 238 940
240 7218 187
7218 240 187
240 1028 86
1028 240 86
240 7216 31
7216 240 31
240 4920 172
4920 240 172
240 2363 168
2363 240 168
241 4295 71
4295 241 71
241 4296 96
4296 241 96
241 4293 117
4293 241 117
242 6369 82
6369 242 82
242 7175 86
7175 242 86
242 5308 501
5308 242 501
243 5713 81
5713 243 81
243 5715 59
5715 243 59
243 5307 218
5307 243 218
244 5807 56
5807 244 56
244 3415 619
3415 244 619
244 5806 568
5806 244 568
245 6293 82
6293 245 82
245 5351 663
5351 245 663
246 6302 90
6302 246 90
246 5351 354
5351 246 354
246 247 1004
247 246 1004
247 1150 181
1150 247 181
247 5284 93
5284 247 93
248 7193 83
7193 248 83
248 2263 549
2263 248 549
248 249 204
249 248 204
249 6567 101
6567 249 101
249 1993 521
1993 249 521
250 6569 74
6569 250 74
250 1993 80
1993 250 80
250 251 336
251 250 336
251 6566 93
6566 251 93
251 1992 66
1992 251 66
252 6530 82
6530 252 82
252 6514 71
6514 252 71
252 253 381
253 252 381
252 6512 89
6512 252 89
253 6526 137
6526 253 137
253 6517 59
6517 253 59
253 6528 95
6528 253 95
254 6511 80
6511 254 80
254 6528 317
6528 254 317
254 255 473
255 254 473
255 6522 111
6522 255 111
255 256 308
256 255 308
256 6540 76
6540 256 76
256 6543 784
6543 256 784
257 6495 66
6495 257 66
257 6486 100
6486 257 100
257 6485 25
6485 257 25
257 6490 448
6490 257 448
258 6490 30
6490 258 30
258 6493 44
6493 258 44
258 6494 88
6494 258 88
258 6492 86
6492 258 86
259 6325 70
6325 259 70
259 6493 513
6493 259 513
259 4347 491
4347 259 491
260 4345 58
4345 260 58
260 4351 137
4351 260 137
260 4347 32
4347 260 32
260 4343 90
4343 260 90
261 4341 68
4341 261 68
261 4343 584
4343 261 584
261 4336 606
4336 261 606
262 7029 71
7029 262 71
262 4331 69
4331 262 69
262 4336 66
4336 262 66
262 6846 597
6846 262 597
263 3930 20
3930 263 20
263 3934 119
3934 263 119
263 3926 144
3926 263 144
263 1038 122
1038 263 122
264 4899 1127
4899 264 1127
265 4900 106
4900 265 106
265 4897 83
4897 265 83
266 4891 159
4891 266 159
266 2361 64
2361 266 64
267 5379 837
5379 267 837
267 429 666
429 267 666
268 4960 100
4960 268 100
268 4959 80
4959 268 80
269 2712 1798
2712 269 1798
269 1736 516
1736 269 516
270 5092 22
5092 270 22
270 5647 105
5647 270 105
270 5099 79
5099 270 79
270 5103 29
5103 270 29
271 4236 17
4236 271 17
271 4230 22
4230 271 22
271 4226 953
4226 271 953
272 4308 21
4308 272 21
272 2672 380
2672 272 380
273 3876 19
3876 273 19
273 3881 966
3881 273 966
274 530 2432
530 274 2432
274 7260 1661
7260 274 1661
275 5603 101
5603 275 101
275 1812 226
1812 275 226
275 4877 231
4877 275 231
276 3639 32
3639 276 32
276 3645 970
3645 276 970
276 4662 30
4662 276 30
277 4605 254
4605 277 254
277 1887 39
1887 277 39
278 4136 145
4136 278 145
279 2924 150
2924 279 150
280 5416 146
5416 280 146
280 2941 58
2941 280 58
280 2942 79
2942 280 79
281 5381 20
5381 281 20
281 5377 38
5377 281 38
281 2112 145
2112 281 145
282 4060 34
4060 282 34
282 4058 31
4058 282 31
282 4059 172
4059 282 172
282 4057 176
4057 282 176
283 4945 160
4945 283 160
283 4943 155
4943 283 155
283 4942 26
4942 283 26
283 4944 17
4944 283 17
284 2898 109
2898 284 109
284 2804 73
2804 284 73
284 2894 274
2894 284 274
285 4282 72
4282 285 72
285 4277 65
4277 285 65
285 4268 60
4268 285 60
285 4273 70
4273 285 70
286 7187 88
7187 286 88
286 2282 287
2282 286 287
286 4273 464
4273 286 464
287 405 1038
405 287 1038
287 6753 22
6753 287 22
287 6717 18
6717 287 18
288 4154 25
4154 288 25
288 377 1065
377 288 1065
289 3052 116
3052 289 116
290 370 389
370 290 389
290 321 1306
321 290 1306
291 5512 104
5512 291 104
291 311 188
311 291 188
292 5513 82
5513 292 82
292 293 84
293 292 84
293 5520 90
5520 293 90
293 294 141
294 293 141
294 5866 80
5866 294 80
295 5870 24
5870 295 24
295 5873 20
5873 295 20
295 5871 105
5871 295 105
295 5875 79
5875 295 79
296 3231 54
3231 296 54
296 3117 161
3117 296 161
296 7203 82
7203 296 82
297 5916 250
5916 297 250
297 5911 106
5911 297 106
297 5909 75
5909 297 75
297 5912 118
5912 297 118
298 5426 102
5426 298 102
298 2386 193
2386 298 193
298 299 270
299 298 270
299 5481 109
5481 299 109
299 5477 338
5477 299 338
300 4389 88
4389 300 88
300 4377 217
4377 300 217
301 4377 21
4377 301 21
301 4381 18
4381 301 18
301 4379 91
4379 301 91
301 4376 80
4376 301 80
302 4351 439
4351 302 439
302 2682 549
2682 302 549
302 4353 21
4353 302 21
303 3757 21
3757 303 21
303 381 1031
381 303 1031
303 422 1042
422 303 1042
304 5892 16
5892 304 16
304 7203 1061
7203 304 1061
304 2660 891
2660 304 891
305 5667 23
5667 305 23
305 5665 15
5665 305 15
305 5664 95
5664 305 95
305 5666 91
5666 305 91
306 5884 33
5884 306 33
306 2359 495
2359 306 495
306 2333 520
2333 306 520
307 5523 900
5523 307 900
307 4100 45
4100 307 45
308 6271 22
6271 308 22
308 5989 17
5989 308 17
308 6267 94
6267 308 94
308 6266 73
6266 308 73
309 5983 250
5983 309 250
309 310 224
310 309 224
309 5950 81
5950 309 81
310 311 223
311 310 223
310 5951 87
5951 310 87
310 730 188
730 310 188
311 5952 65
5952 311 65
312 3600 1011
3600 312 1011
312 323 1001
323 312 1001
313 4188 22
4188 313 22
313 2669 503
2669 313 503
313 3856 558
3856 313 558
314 5959 97
5959 314 97
314 2393 133
2393 314 133
315 328 1358
328 315 1358
315 329 997
329 315 997
315 5546 221
5546 315 221
315 542 43
542 315 43
316 4593 63
4593 316 63
316 4607 45
4607 316 45
316 4707 1858
4707 316 1858
316 4603 1689
4603 316 1689
317 1588 226
1588 317 226
317 1586 202
1586 317 202
317 4730 87
4730 317 87
317 4737 65
4737 317 65
318 4695 45
4695 318 45
318 4698 91
4698 318 91
318 4696 85
4696 318 85
319 5956 100
5956 319 100
319 2395 125
2395 319 125
320 406 1037
406 320 1037
320 6766 24
6766 320 24
320 6719 17
6719 320 17
322 4931 581
4931 322 581
323 653 639
653 323 639
324 435 594
435 324 594
324 3597 749
3597 324 749
325 2722 1627
2722 325 1627
325 2708 1277
2708 325 1277
326 327 2035
327 326 2035
326 4698 2332
4698 326 2332
326 4578 27
4578 326 27
327 4585 30
4585 327 30
328 1972 884
1972 328 884
329 330 1509
330 329 1509
330 3352 28
3352 330 28
331 6266 1049
6266 331 1049
331 5991 961
5991 331 961
331 6275 24
6275 331 24
331 5995 19
5995 331 19
332 4864 31
4864 332 31
332 333 376
333 332 376
332 4875 975
4875 332 975
333 4869 27
4869 333 27
333 4862 542
4862 333 542
334 403 1039
403 334 1039
334 2264 2824
2264 334 2824
335 3457 86
3457 335 86
335 3447 43
3447 335 43
335 3445 116
3445 335 116
336 6565 91
6565 336 91
336 7190 27
7190 336 27
336 6564 70
6564 336 70
336 7198 42
7198 336 42
337 6569 209
6569 337 209
338 3965 91
3965 338 91
338 3963 273
3963 338 273
338 6304 28
6304 338 28
339 6704 954
6704 339 954
339 6759 947
6759 339 947
339 6708 23
6708 339 23
339 6707 19
6707 339 19
340 4116 24
4116 340 24
340 2665 930
2665 340 930
341 593 845
593 341 845
342 1024 475
1024 342 475
342 426 105
426 342 105
343 379 1059
379 343 1059
344 1955 65
1955 344 65
345 5958 113
5958 345 113
345 2394 125
2394 345 125
346 5068 27
5068 346 27
346 5037 21
5037 346 21
346 5034 88
5034 346 88
346 5041 96
5041 346 96
347 4261 21
4261 347 21
347 4367 17
4367 347 17
347 4368 85
4368 347 85
347 4369 79
4369 347 79
348 4322 21
4322 348 21
348 2677 514
2677 348 514
348 362 344
362 348 344
348 4356 17
4356 348 17
349 5775 2144
5775 349 2144
349 4967 2123
4967 349 2123
350 5209 73
5209 350 73
350 5149 59
5149 350 59
350 5467 71
5467 350 71
350 5469 70
5469 350 70
351 5126 66
5126 351 66
351 5117 53
5117 351 53
351 6307 764
6307 351 764
352 5123 72
5123 352 72
352 6320 50
6320 352 50
352 6321 710
6321 352 710
353 4765 73
4765 353 73
353 4760 58
4760 353 58
353 365 1046
365 353 1046
353 4780 743
4780 353 743
354 4754 59
4754 354 59
354 4791 47
4791 354 47
354 7091 1930
7091 354 1930
354 425 829
425 354 829
355 4809 71
4809 355 71
355 4806 60
4806 355 60
355 7079 1908
7079 355 1908
355 361 829
361 355 829
356 409 1303
409 356 1303
356 1954 682
1954 356 682
357 6287 98
6287 357 98
357 5286 93
5286 357 93
357 2368 308
2368 357 308
357 5264 563
5264 357 563
358 6339 79
6339 358 79
358 6321 63
6321 358 63
358 6338 46
6338 358 46
358 6340 71
6340 358 71
359 6339 696
6339 359 696
359 6332 73
6332 359 73
359 6350 47
6350 359 47
360 7081 107
7081 360 107
360 7089 88
7089 360 88
360 7069 640
7069 360 640
361 5530 1985
5530 361 1985
361 4816 56
4816 361 56
361 4812 73
4812 361 73
362 4312 604
4312 362 604
362 4349 84
4349 362 84
363 5775 85
5775 363 85
364 5260 112
5260 364 112
364 5268 105
5268 364 105
364 5264 71
5264 364 71
364 5272 53
5272 364 53
365 5260 985
5260 365 985
366 4780 67
4780 366 67
366 6349 69
6349 366 69
366 4777 56
4777 366 56
366 6346 78
6346 366 78
367 6349 588
6349 367 588
368 2682 490
2682 368 490
368 2677 514
2677 368 514
368 4329 21
4329 368 21
369 2662 736
2662 369 736
369 370 625
370 369 625
370 1952 496
1952 370 496
371 5431 129
5431 371 129
371 3419 137
3419 371 137
371 5432 59
5432 371 59
371 5430 41
5430 371 41
372 5428 26
5428 372 26
372 5004 23
5004 372 23
372 5435 944
5435 372 944
372 7234 554
7234 372 554
373 3907 94
3907 373 94
373 3535 93
3535 373 93
373 3906 71
3906 373 71
373 2890 109
2890 373 109
374 4284 41
4284 374 41
374 4269 77
4269 374 77
375 3979 94
3979 375 94
375 3970 45
3970 375 45
375 3416 54
3416 375 54
376 6563 97
6563 376 97
376 6561 81
6561 376 81
376 6560 42
6560 376 42
376 6562 28
6562 376 28
377 4155 24
4155 377 24
377 2664 3304
2664 377 3304
378 1143 87
1143 378 87
379 407 2769
407 379 2769
380 5955 103
5955 380 103
380 2396 131
2396 380 131
381 3754 21
3754 381 21
381 3773 1383
3773 381 1383
382 5557 188
5557 382 188
382 3742 97
3742 382 97
383 5188 81
5188 383 81
383 5185 62
5185 383 62
383 5196 698
5196 383 698
384 6311 81
6311 384 81
384 6327 53
6327 384 53
384 6305 777
6305 384 777
385 5817 365
5817 385 365
386 5991 77
5991 386 77
386 2398 185
2398 386 185
387 5954 109
5954 387 109
387 2397 155
2397 387 155
388 5949 96
5949 388 96
388 2389 152
2389 388 152
389 553 713
553 389 713
389 434 108
434 389 108
390 4836 26
4836 390 26
390 4834 46
4834 390 46
390 4943 1562
4943 390 1562
390 4835 72
4835 390 72
391 4620 120
4620 391 120
391 4618 88
4618 391 88
391 1587 187
1587 391 187
392 2028 1797
2028 392 1797
392 5561 1613
5561 392 1613
392 4508 47
4508 392 47
392 4507 33
4507 392 33
393 4538 131
4538 393 131
393 394 63
394 393 63
393 1579 137
1579 393 137
394 4549 102
4549 394 102
394 1591 95
1591 394 95
395 4146 93
4146 395 93
395 6966 439
6966 395 439
395 4155 225
4155 395 225
396 6298 64
6298 396 64
396 6291 628
6291 396 628
396 2368 382
2368 396 382
396 6284 77
6284 396 77
397 7194 725
7194 397 725
398 4276 109
4276 398 109
399 5237 97
5237 399 97
399 5245 116
5245 399 116
399 5233 61
5233 399 61
399 5241 65
5241 399 65
400 3977 69
3977 400 69
400 6291 57
6291 400 57
400 3405 54
3405 400 54
400 3406 51
3406 400 51
401 6280 98
6280 401 98
401 5276 112
5276 401 112
401 2377 418
2377 401 418
402 4547 149
4547 402 149
402 3773 122
3773 402 122
402 3776 36
3776 402 36
402 3770 46
3770 402 46
404 6706 98
6706 404 98
404 6704 80
6704 404 80
404 6705 19
6705 404 19
404 6703 24
6703 404 24
405 6755 96
6755 405 96
405 6754 21
6754 405 21
405 5627 689
5627 405 689
406 6267 401
6267 406 401
406 6263 19
6263 406 19
407 2398 1032
2398 407 1032
408 5202 74
5202 408 74
408 5194 78
5194 408 78
408 5196 77
5196 408 77
408 5199 58
5199 408 58
410 6681 274
6681 410 274
410 6705 527
6705 410 527
411 412 142
412 411 142
411 431 296
431 411 296
412 413 133
413 412 133
413 414 147
414 413 147
414 415 190
415 414 190
416 6306 54
6306 416 54
416 6308 85
6308 416 85
416 6307 88
6307 416 88
416 6305 77
6305 416 77
417 4363 22
4363 417 22
417 4371 18
4371 417 18
417 4373 93
4373 417 93
417 4372 79
4372 417 79
418 4036 47
4036 418 47
418 4606 2584
4606 418 2584
418 4547 1332
4547 418 1332
419 5913 30
5913 419 30
419 5911 1329
5911 419 1329
420 4879 69
4879 420 69
420 4882 45
4882 420 45
420 4877 31
4877 420 31
420 4875 112
4875 420 112
421 4605 43
4605 421 43
421 4606 85
4606 421 85
421 4603 114
4603 421 114
421 4602 37
4602 421 37
422 3920 21
3920 422 21
422 3934 947
3934 422 947
423 3057 58
3057 423 58
424 1454 429
1454 424 429
424 1731 413
1731 424 413
425 5531 1956
5531 425 1956
425 4782 52
4782 425 52
425 4771 61
4771 425 61
427 1960 46
1960 427 46
427 4903 86
4903 427 86
428 2117 63
2117 428 63
428 452 127
452 428 127
429 3367 75
3367 429 75
430 1445 400
1445 430 400
430 1454 648
1454 430 648
431 2072 209
2072 431 209
432 521 3384
521 432 3384
433 1448 609
1448 433 609
433 1036 799
1036 433 799
435 436 353
436 435 353
436 2071 298
2071 436 298
437 438 342
438 437 342
437 2071 119
2071 437 119
438 439 582
439 438 582
439 440 147
440 439 147
440 441 187
441 440 187
441 442 409
442 441 409
443 1740 82
1740 443 82
444 1740 104
1740 444 104
445 1161 706
1161 445 706
445 446 382
446 445 382
446 544 82
544 446 82
447 544 523
544 447 523
447 448 531
448 447 531
448 3483 125
3483 448 125
449 3481 296
3481 449 296
449 450 846
450 449 846
450 451 573
451 450 573
451 3474 552
3474 451 552
452 5377 107
5377 452 107
453 4669 157
4669 453 157
453 454 201
454 453 201
454 7089 220
7089 454 220
455 1159 280
1159 455 280
455 2121 87
2121 455 87
456 7064 19
7064 456 19
456 1066 53
1066 456 53
456 7073 319
7073 456 319
457 7062 141
7062 457 141
457 7088 446
7088 457 446
457 6843 1976
6843 457 1976
457 7063 15
7063 457 15
457 7065 18
7065 457 18
458 1431 71
1431 458 71
458 6853 183
6853 458 183
458 6854 68
6854 458 68
459 6853 347
6853 459 347
459 2151 125
2151 459 125
460 2151 374
2151 460 374
460 461 557
461 460 557
461 2699 480
2699 461 480
462 2699 192
2699 462 192
462 463 412
463 462 412
463 1423 113
1423 463 113
464 6903 86
6903 464 86
464 6902 77
6902 464 77
465 6901 81
6901 465 81
465 6900 84
6900 465 84
465 1359 257
1359 465 257
466 6899 81
6899 466 81
466 6898 86
6898 466 86
467 6894 77
6894 467 77
467 6893 68
6893 467 68
468 6892 54
6892 468 54
468 469 148
469 468 148
468 1361 366
1361 468 366
469 6819 80
6819 469 80
469 1361 240
1361 469 240
470 6819 30
6819 470 30
470 6820 83
6820 470 83
471 6821 182
6821 471 182
471 1362 283
1362 471 283
471 472 286
472 471 286
472 473 135
473 472 135
472 1343 154
1343 472 154
473 474 127
474 473 127
474 475 46
475 474 46
474 1348 144
1348 474 144
475 1485 38
1485 475 38
476 1349 27
1349 476 27
476 1380 59
1380 476 59
477 1380 430
1380 477 430
477 478 759
478 477 759
478 479 613
479 478 613
479 1151 260
1151 479 260
480 6933 89
6933 480 89
480 6932 89
6932 480 89
481 6929 81
6929 481 81
481 6942 101
6942 481 101
482 6940 105
6940 482 105
482 6939 89
6939 482 89
483 6936 74
6936 483 74
483 484 325
484 483 325
484 1122 207
1122 484 207
484 1147 128
1147 484 128
485 1057 530
1057 485 530
485 486 285
486 485 285
486 1739 98
1739 486 98
487 1739 80
1739 487 80
487 3812 489
3812 487 489
488 4207 385
4207 488 385
488 3599 326
3599 488 326
489 2566 552
2566 489 552
489 496 811
496 489 811
489 2573 81
2573 489 81
489 2566 552
2566 489 552
489 496 811
496 489 811
489 2566 552
2566 489 552
490 502 872
502 490 872
490 497 717
497 490 717
490 502 872
502 490 872
490 497 717
497 490 717
491 497 437
497 491 437
491 503 592
503 491 592
491 497 437
497 491 437
491 503 592
503 491 592
492 503 705
503 492 705
492 498 129
498 492 129
492 503 705
503 492 705
492 2607 82
2607 492 82
493 3119 110
3119 493 110
493 3115 67
3115 493 67
494 3192 293
3192 494 293
494 499 2083
499 494 2083
495 3309 2051
3309 495 2051
495 506 475
506 495 475
495 3309 2051
3309 495 2051
495 506 475
506 495 475
496 506 212
506 496 212
496 506 212
506 496 212
498 3118 221
3118 498 221
499 3190 528
3190 499 528
500 2987 83
2987 500 83
500 2981 141
2981 500 141
500 501 462
501 500 462
501 507 445
507 501 445
502 2571 835
2571 502 835
502 2571 835
2571 502 835
503 2642 484
2642 503 484
503 2643 107
2643 503 107
503 2650 422
2650 503 422
503 2643 107
2643 503 107
503 2642 484
2642 503 484
503 3318 44
3318 503 44
504 3114 146
3114 504 146
504 505 1039
505 504 1039
505 3192 1110
3192 505 1110
507 1461 58
1461 507 58
508 5909 181
5909 508 181
508 518 119
518 508 119
509 597 183
597 509 183
509 5916 456
5916 509 456
510 511 4706
511 510 4706
511 512 906
512 511 906
512 598 1605
598 512 1605
513 598 256
598 513 256
513 514 266
514 513 266
514 651 367
651 514 367
515 651 85
651 515 85
515 516 132
516 515 132
518 652 230
652 518 230
519 1771 884
1771 519 884
519 1796 2216
1796 519 2216
520 1968 88
1968 520 88
520 3439 296
3439 520 296
521 522 842
522 521 842
522 523 687
523 522 687
523 524 554
524 523 554
524 525 557
525 524 557
525 526 555
526 525 555
526 527 584
527 526 584
527 528 4428
528 527 4428
528 1972 2063
1972 528 2063
528 529 1705
529 528 1705
530 531 841
531 530 841
531 532 611
532 531 611
532 533 611
533 532 611
533 534 554
534 533 554
534 535 603
535 534 603
535 536 584
536 535 584
536 537 3675
537 536 3675
537 1971 608
1971 537 608
537 7259 1966
7259 537 1966
538 7259 991
7259 538 991
539 540 261
540 539 261
539 541 697
541 539 697
540 542 785
542 540 785
541 4699 176
4699 541 176
541 4698 36
4698 541 36
543 2366 25
2366 543 25
543 2712 204
2712 543 204
545 5313 33
5313 545 33
545 5310 69
5310 545 69
545 5317 755
5317 545 755
546 1763 121
1763 546 121
546 5334 1555
5334 546 1555
546 5335 618
5335 546 618
547 3649 78
3649 547 78
547 2428 944
2428 547 944
547 3558 761
3558 547 761
548 3648 614
3648 548 614
548 3651 89
3651 548 89
548 6407 136
6407 548 136
549 3668 92
3668 549 92
549 993 46
993 549 46
549 2465 282
2465 549 282
550 1486 175
1486 550 175
550 1760 56
1760 550 56
551 6289 177
6289 551 177
551 3406 1822
3406 551 1822
552 3400 431
3400 552 431
552 5256 410
5256 552 410
553 557 638
557 553 638
554 2716 1084
2716 554 1084
555 2718 1773
2718 555 1773
556 5771 92
5771 556 92
556 2719 247
2719 556 247
556 1962 396
1962 556 396
557 2719 53
2719 557 53
557 5765 58
5765 557 58
558 1081 8
1081 558 8
558 3231 108
3231 558 108
559 1042 674
1042 559 674
559 576 116
576 559 116
560 1042 635
1042 560 635
560 561 137
561 560 137
561 562 146
562 561 146
562 563 61
563 562 61
563 564 43
564 563 43
564 565 43
565 564 43
565 566 98
566 565 98
566 567 165
567 566 165
567 568 182
568 567 182
568 569 1175
569 568 1175
569 570 215
570 569 215
570 571 149
571 570 149
571 572 82
572 571 82
572 573 33
573 572 33
573 574 75
574 573 75
574 575 110
575 574 110
575 576 138
576 575 138
577 1380 96
1380 577 96
577 578 149
578 577 149
578 579 113
579 578 113
579 580 77
580 579 77
580 581 74
581 580 74
581 1105 506
1105 581 506
581 1103 318
1103 581 318
581 2696 425
2696 581 425
582 583 76
583 582 76
582 648 268
648 582 268
582 592 268
592 582 268
583 5876 35
5876 583 35
584 5876 20
5876 584 20
584 585 28
585 584 28
585 586 51
586 585 51
586 587 165
587 586 165
587 588 164
588 587 164
588 589 59
589 588 59
589 590 30
590 589 30
589 3043 70
3043 589 70
590 591 55
591 590 55
591 592 123
592 591 123
592 649 42
649 592 42
593 3814 1061
3814 593 1061
594 3810 4
3810 594 4
594 595 95
595 594 95
595 596 86
596 595 86
595 3049 408
3049 595 408
596 3043 91
3043 596 91
597 5919 48
5919 597 48
598 5919 10
5919 598 10
598 599 191
599 598 191
599 600 108
600 599 108
599 5844 58
5844 599 58
600 601 110
601 600 110
601 602 105
602 601 105
602 603 45
603 602 45
603 604 57
604 603 57
603 4501 580
4501 603 580
604 605 66
605 604 66
605 606 107
606 605 107
606 607 232
607 606 232
606 608 68
608 606 68
607 610 143
610 607 143
608 609 112
609 608 112
609 611 149
611 609 149
610 611 89
611 610 89
612 613 111
613 612 111
613 614 118
614 613 118
614 615 101
615 614 101
615 616 50
616 615 50
616 617 84
617 616 84
617 618 109
618 617 109
618 619 51
619 618 51
619 620 43
620 619 43
620 621 82
621 620 82
621 3046 95
3046 621 95
622 3046 33
3046 622 33
622 623 137
623 622 137
623 624 221
624 623 221
624 625 220
625 624 220
625 626 955
626 625 955
626 627 119
627 626 119
627 628 184
628 627 184
628 629 208
629 628 208
629 630 232
630 629 232
630 631 107
631 630 107
631 632 185
632 631 185
631 3044 58
3044 631 58
632 633 110
633 632 110
633 634 60
634 633 60
634 635 46
635 634 46
635 3045 27
3045 635 27
636 3045 91
3045 636 91
636 637 150
637 636 150
637 638 209
638 637 209
638 639 322
639 638 322
639 640 214
640 639 214
640 641 131
641 640 131
641 642 71
642 641 71
642 643 57
643 642 57
643 650 1467
650 643 1467
644 645 265
645 644 265
644 1481 768
1481 644 768
645 646 21
646 645 21
646 647 66
647 646 66
647 648 113
648 647 113
649 1481 279
1481 649 279
649 3045 1546
3045 649 1546
650 1481 1275
1481 650 1275
651 4501 27
4501 651 27
651 652 78
652 651 78
654 6640 40
6640 654 40
654 3427 168
3427 654 168
654 5642 28
5642 654 28
655 3423 212
3423 655 212
655 731 202
731 655 202
655 656 162
656 655 162
656 6098 40
6098 656 40
656 6642 16
6642 656 16
657 6642 31
6642 657 31
657 658 73
658 657 73
658 659 77
659 658 77
659 6629 38
6629 659 38
660 6629 24
6629 660 24
660 661 59
661 660 59
661 662 108
662 661 108
662 841 25
841 662 25
663 841 34
841 663 34
663 664 93
664 663 93
664 665 48
665 664 48
665 822 60
822 665 60
665 666 84
666 665 84
666 667 108
667 666 108
667 668 102
668 667 102
668 669 108
669 668 108
669 826 56
826 669 56
669 670 89
670 669 89
670 671 93
671 670 93
671 672 107
672 671 107
672 673 155
673 672 155
673 674 620
674 673 620
674 675 167
675 674 167
675 3038 48
3038 675 48
675 676 234
676 675 234
676 3033 221
3033 676 221
677 3033 83
3033 677 83
677 678 41
678 677 41
678 957 159
957 678 159
678 6910 46
6910 678 46
679 6909 57
6909 679 57
679 6908 77
6908 679 77
680 6908 58
6908 680 58
680 6907 77
6907 680 77
681 6907 81
6907 681 81
681 6906 85
6906 681 85
682 6905 87
6905 682 87
682 683 285
683 682 285
683 684 281
684 683 281
684 685 89
685 684 89
685 882 208
882 685 208
685 686 699
686 685 699
686 687 214
687 686 214
687 688 286
688 687 286
688 689 149
689 688 149
689 690 191
690 689 191
690 691 144
691 690 144
691 692 145
692 691 145
692 693 139
693 692 139
693 694 193
694 693 193
694 695 125
695 694 125
695 696 172
696 695 172
696 697 155
697 696 155
697 698 115
698 697 115
698 881 83
881 698 83
699 881 40
881 699 40
699 700 128
700 699 128
700 701 156
701 700 156
701 702 119
702 701 119
702 703 196
703 702 196
703 704 161
704 703 161
704 902 91
902 704 91
704 705 186
705 704 186
705 706 74
706 705 74
706 707 99
707 706 99
707 708 101
708 707 101
708 709 178
709 708 178
709 710 197
710 709 197
710 711 145
711 710 145
711 712 115
712 711 115
712 713 53
713 712 53
713 714 60
714 713 60
714 715 71
715 714 71
715 716 45
716 715 45
716 717 35
717 716 35
717 987 95
987 717 95
717 718 133
718 717 133
718 719 129
719 718 129
719 720 123
720 719 123
720 721 61
721 720 61
721 722 69
722 721 69
722 773 222
773 722 222
722 723 69
723 722 69
723 724 93
724 723 93
724 725 117
725 724 117
725 726 145
726 725 145
726 727 71
727 726 71
727 772 60
772 727 60
727 728 65
728 727 65
728 729 172
729 728 172
729 730 107
730 729 107
731 6096 56
6096 731 56
732 6096 182
6096 732 182
732 733 167
733 732 167
733 734 191
734 733 191
734 6105 43
6105 734 43
735 6105 135
6105 735 135
735 736 155
736 735 155
736 737 209
737 736 209
736 1480 166
1480 736 166
737 6155 119
6155 737 119
738 6155 104
6155 738 104
738 739 126
739 738 126
739 740 169
740 739 169
740 741 250
741 740 250
740 6151 105
6151 740 105
741 742 323
742 741 323
742 6113 86
6113 742 86
743 6125 74
6125 743 74
743 744 263
744 743 263
744 745 198
745 744 198
745 746 101
746 745 101
745 844 135
844 745 135
746 747 187
747 746 187
747 748 174
748 747 174
748 749 155
749 748 155
749 750 190
750 749 190
750 751 190
751 750 190
751 752 233
752 751 233
752 753 180
753 752 180
753 754 197
754 753 197
754 755 263
755 754 263
755 756 150
756 755 150
756 757 167
757 756 167
756 859 95
859 756 95
757 758 179
758 757 179
758 759 549
759 758 549
759 760 340
760 759 340
760 3029 211
3029 760 211
761 3029 193
3029 761 193
761 762 370
762 761 370
762 763 269
763 762 269
763 764 233
764 763 233
764 765 258
765 764 258
765 766 379
766 765 379
